StartTime: 2022-08-10 08:58:06.422														
address	Time(s)	ax(g)	ay(g)	az(g)	wx(deg/s)	wy(deg/s)	wz(deg/s)	AngleX(deg)	AngleY(deg)	AngleZ(deg)	T(°)	hx	hy	hz
0x50	 08:58:06.422	0.002	-0.002	0.9995	0	0	0	0	0	-95.3613	22.92	0	0	0
0x50	 08:58:06.520	0.002	-0.0015	0.9995	0	0	0	0	0	-95.3613	22.92	0	0	0
0x50	 08:58:06.616	0.002	-0.002	0.9995	0	0	0	0	0	-95.3613	22.92	0	0	0
0x50	 08:58:06.725	0.002	-0.002	0.9995	0	0	0	0	0	-95.3613	22.92	0	0	0
0x50	 08:58:06.806	0.002	-0.002	0.9995	0	0	0	0	0	-95.3613	22.92	0	0	0
0x50	 08:58:06.901	0.002	-0.002	0.9995	0	0	0	0	0	-95.3613	22.92	0	0	0
0x50	 08:58:07.000	0.002	-0.002	0.9995	0	0	0	0	0	-95.3613	22.92	0	0	0
0x50	 08:58:07.114	0.002	-0.002	0.9995	0	0	0	0	0	-95.3613	22.92	0	0	0
0x50	 08:58:07.208	0.002	-0.002	0.9995	0	0	0	0	0	-95.3613	22.92	0	0	0
0x50	 08:58:07.302	0.002	-0.0015	0.9995	0	0	0	0	0	-95.3613	22.92	0	0	0
0x50	 08:58:07.403	0.002	-0.0015	0.9995	0	0	0	0	0	-95.3613	22.92	0	0	0
0x50	 08:58:07.511	0.002	-0.002	0.9995	0	0	0	0	0	-95.3613	22.92	0	0	0
0x50	 08:58:07.611	0.002	-0.002	1	0	0	0	0	0	-95.3613	22.92	0	0	0
0x50	 08:58:07.701	0.002	-0.002	0.9995	0	0	0	0	0	-95.3613	22.92	0	0	0
0x50	 08:58:07.810	0.0024	-0.002	1	0	0	0	0	0	-95.3613	22.92	0	0	0
0x50	 08:58:07.907	0.0024	-0.002	0.9995	0	0	0	0	0	-95.3613	22.92	0	0	0
0x50	 08:58:08.010	0.002	-0.002	0.9995	0	0	0	0	0	-95.3613	22.92	0	0	0
0x50	 08:58:08.109	0.002	-0.002	0.9995	0	0	0	0	0	-95.3613	22.92	0	0	0
0x50	 08:58:08.209	0.002	-0.0015	0.9995	0	0	0	0	0	-95.3613	22.92	0	0	0
0x50	 08:58:08.304	0.002	-0.002	1	0	0	0	0	0	-95.3613	22.92	0	0	0
0x50	 08:58:08.402	0.002	-0.002	1	0	0	0	0	0	-95.3613	22.92	0	0	0
0x50	 08:58:08.512	0.0024	-0.002	0.9995	0	0	0	0	0	-95.3613	22.92	0	0	0
0x50	 08:58:08.617	0.002	-0.002	0.9995	0	0	0	0	0	-95.3613	22.87	0	0	0
0x50	 08:58:08.703	0.002	-0.002	1	0	0	0	0	0	-95.3613	22.92	0	0	0
0x50	 08:58:08.841	0.002	-0.002	0.9995	0	0	0	0	0	-95.3613	22.87	0	0	0
0x50	 08:58:08.911	0.002	-0.0015	0.9995	0	0	0	0	0	-95.3613	22.92	0	0	0
0x50	 08:58:09.004	0.002	-0.002	0.9995	0	0	0	0	0	-95.3613	22.92	0	0	0
0x50	 08:58:09.111	0.002	-0.002	0.9995	0	0	0	0	0	-95.3613	22.92	0	0	0
0x50	 08:58:09.221	0.002	-0.0015	1	0	0	0	0	0	-95.3613	22.87	0	0	0
0x50	 08:58:09.304	0.002	-0.002	0.9995	0	0	0	0	0	-95.3613	22.92	0	0	0
0x50	 08:58:09.436	0.002	-0.002	0.9995	0	0	0	0	0	-95.3613	22.92	0	0	0
0x50	 08:58:09.504	0.002	-0.002	0.9995	0	0	0	0	0	-95.3613	22.92	0	0	0
0x50	 08:58:09.606	0.002	-0.002	1	0	0	0	0	0	-95.3613	22.92	0	0	0
0x50	 08:58:09.704	0.002	-0.002	0.9995	0	0	0	0	0	-95.3613	22.92	0	0	0
0x50	 08:58:09.813	0.002	-0.002	0.9995	0	0	0	0	0	-95.3613	22.92	0	0	0
0x50	 08:58:09.909	0.002	-0.002	1	0	0	0	0	0	-95.3613	22.92	0	0	0
0x50	 08:58:10.034	0.002	-0.002	1	0	0	0	0	0	-95.3613	22.92	0	0	0
0x50	 08:58:10.105	0.002	-0.002	0.9995	0	0	0	0	0	-95.3613	22.92	0	0	0
0x50	 08:58:10.209	0.002	-0.002	0.9995	0	0	0	0	0	-95.3613	22.97	0	0	0
0x50	 08:58:10.307	0.0015	-0.002	1.0005	0	0	0	0	0	-95.3613	22.92	0	0	0
0x50	 08:58:10.412	0.0024	-0.0015	0.9985	0	0	0	0	-0.0055	-95.3613	22.92	0	0	0
0x50	 08:58:10.505	0.0083	-0.001	1.0005	0	0	0	0	-0.0055	-95.3613	22.92	0	0	0
0x50	 08:58:10.616	0.0029	-0.0039	1.0049	0	0	0	0	-0.0165	-95.3613	22.92	0	0	0
0x50	 08:58:10.706	0	0.001	1.002	-0.1221	0.1221	0	0	-0.022	-95.3613	22.87	0	0	0
0x50	 08:58:10.806	-0.0015	-0.0015	1.0049	0	0.061	0	-0.0055	-0.0165	-95.3613	22.92	0	0	0
0x50	 08:58:10.907	0.0005	-0.0005	0.9976	0.061	0	0	-0.0055	0	-95.3613	22.87	0	0	0
0x50	 08:58:11.007	0.0029	-0.0063	1.002	-0.061	0	0	-0.0055	0	-95.3613	22.92	0	0	0
0x50	 08:58:11.102	0.0034	-0.0005	0.998	0	0	0	-0.0055	0	-95.3613	22.92	0	0	0
0x50	 08:58:11.198	0.001	-0.001	1.0005	0	0	0	-0.0055	0	-95.3613	22.92	0	0	0
0x50	 08:58:11.296	0.0029	-0.0024	1	0	0	0	-0.0055	0	-95.3613	22.92	0	0	0
0x50	 08:58:11.405	0.0093	0.001	1.002	0	0	0	-0.0055	0	-95.3613	22.92	0	0	0
0x50	 08:58:11.505	0.0249	-0.0029	1.0059	0	0.1831	0	-0.0055	-0.0275	-95.3613	22.92	0	0	0
0x50	 08:58:11.601	0.0303	0	1.001	0	0	0	-0.0055	-0.0879	-95.3613	22.92	0	0	0
0x50	 08:58:11.698	0.0337	0	0.9937	0	0	0	0	-0.1648	-95.3613	22.87	0	0	0
0x50	 08:58:11.792	0.0391	-0.001	0.9873	0.1221	-0.4272	0	0	-0.2582	-95.3613	22.87	0	0	0
0x50	 08:58:11.896	0.0269	-0.0024	0.9937	0	0	0	0.011	-0.3571	-95.3613	22.92	0	0	0
0x50	 08:58:11.990	0.0146	0	1.0054	0	0.061	0	0.011	-0.4285	-95.3613	22.92	0	0	0
0x50	 08:58:12.094	0.0122	-0.001	1.0068	0	0.3662	0	0.0165	-0.4724	-95.3613	22.92	0	0	0
0x50	 08:58:12.192	0.0156	0	0.998	0.061	-0.1831	0	0.0275	-0.4779	-95.3613	22.92	0	0	0
0x50	 08:58:12.296	0.0059	-0.0024	1.0137	0.1221	0	0	0.033	-0.4834	-95.3613	22.92	0	0	0
0x50	 08:58:12.393	0.0239	0.0015	0.9917	0.061	0.1831	0	0.0439	-0.5164	-95.3613	22.92	0	0	0
0x50	 08:58:12.502	0.0293	0.0029	0.9819	0.1221	-0.3662	0	0.0604	-0.5548	-95.3613	22.92	0	0	0
0x50	 08:58:12.595	0.0303	0	0.9917	0.061	-0.4272	0	0.0769	-0.5988	-95.3613	22.92	0	0	0
0x50	 08:58:12.696	0.019	-0.0015	1.0195	-0.061	-0.2441	0	0.0824	-0.6262	-95.3613	22.92	0	0	0
0x50	 08:58:12.790	0.0347	0	1.0244	0	0	0	0.0824	-0.6482	-95.3613	22.92	0	0	0
0x50	 08:58:12.894	0.0537	0	1.0264	0	0.061	0	0.0879	-0.6976	-95.3613	22.92	0	0	0
0x50	 08:58:12.989	0.0347	-0.001	1.0273	-0.061	0.061	0	0.0934	-0.7581	-95.3613	22.87	0	0	0
0x50	 08:58:13.104	0.0361	0.0044	1.0015	-0.3662	-0.1831	0	0.0934	-0.8295	-95.3613	22.92	0	0	0
0x50	 08:58:13.192	0.0332	0.0034	1.0103	-0.061	0.4272	0	0.0824	-0.8844	-95.3613	22.92	0	0	0
0x50	 08:58:13.298	0.0352	-0.0015	1	-0.061	0.3662	0	0.0769	-0.9283	-95.3613	22.92	0	0	0
0x50	 08:58:13.393	0.0532	0.0029	0.999	-0.3052	0.1831	0	0.0604	-0.9888	-95.3613	22.92	0	0	0
0x50	 08:58:13.501	0.0542	-0.002	0.9878	-0.1831	-0.3662	0	0.0439	-1.0657	-95.3613	22.92	0	0	0
0x50	 08:58:13.595	0.0342	-0.001	0.9902	0.061	-0.3052	0	0.0385	-1.1646	-95.3613	22.92	0	0	0
0x50	 08:58:13.705	0.0469	0.0034	1.0024	0	-0.1831	0	0.0439	-1.2469	-95.3613	22.92	0	0	0
0x50	 08:58:13.787	0.0278	-0.0015	0.9976	-0.2441	-0.1831	0	0.0385	-1.3184	-95.3613	22.92	0	0	0
0x50	 08:58:13.913	0.0181	-0.0024	1.0054	0	-0.1831	0	0.033	-1.3458	-95.3613	22.92	0	0	0
0x50	 08:58:13.993	0.0229	0.002	1.002	0	-0.3662	0	0.0385	-1.3513	-95.3613	22.92	0	0	0
0x50	 08:58:14.099	0.0264	0.0005	0.9907	-0.4883	0.061	0	0.022	-1.3733	-95.3613	22.92	0	0	0
0x50	 08:58:14.189	0.0059	-0.0039	1.0034	-0.1831	0	0	0	-1.3513	-95.3613	22.92	0	0	0
0x50	 08:58:14.315	0.0127	-0.002	0.9961	0.061	0.2441	0	-0.011	-1.2909	-95.3613	22.92	0	0	0
0x50	 08:58:14.396	0.0186	0	1.0015	-0.3052	0	0	-0.022	-1.2305	-95.3613	22.92	0	0	0
0x50	 08:58:14.491	0.0132	-0.0049	1.0063	-0.2441	0.3052	0	-0.0439	-1.1865	-95.3613	22.92	0	0	0
0x50	 08:58:14.593	0.0234	-0.0024	0.998	-0.3052	0.4272	0	-0.0659	-1.1536	-95.3613	22.87	0	0	0
0x50	 08:58:14.698	0.0322	-0.0039	0.9951	0	0.061	0	-0.0714	-1.1426	-95.3613	22.92	0	0	0
0x50	 08:58:14.798	0.0161	-0.0024	1.0005	0.2441	0.1831	0	-0.0494	-1.1206	-95.3613	22.92	0	0	0
0x50	 08:58:14.928	0.0156	0.0049	1.0103	0.1831	0.4883	0	-0.0165	-1.0876	-95.3613	22.92	0	0	0
0x50	 08:58:14.993	0.0249	-0.0073	0.9922	0.7935	-0.1221	0	0.0165	-1.0767	-95.3613	22.92	0	0	0
0x50	 08:58:15.088	0.0483	0.0059	0.9976	0.7324	0.4272	0	0.0824	-1.0657	-95.3613	22.92	0	0	0
0x50	 08:58:15.193	0.0293	-0.001	1.0029	0.9155	0.4272	-0.061	0.1428	-1.0931	-95.3394	22.92	0	0	0
0x50	 08:58:15.288	0	0.0005	1.001	0.061	0.7935	0.3052	0.1758	-1.0602	-95.3284	22.92	0	0	0
0x50	 08:58:15.383	-0.0073	0.0015	1.0068	-0.061	0.3662	0.061	0.1703	-0.9778	-95.3064	22.92	0	0	0
0x50	 08:58:15.493	-0.0054	-0.0015	0.9883	-0.1221	0.3052	0.2441	0.1758	-0.8899	-95.2899	22.87	0	0	0
0x50	 08:58:15.589	-0.0054	0.0059	0.9951	-0.3662	-0.1221	0.061	0.1538	-0.791	-95.2734	22.92	0	0	0
0x50	 08:58:15.692	-0.0098	-0.0073	1.0107	-0.1221	0.061	0	0.1263	-0.7196	-95.2679	22.92	0	0	0
0x50	 08:58:15.797	-0.0186	0.0034	0.9951	-0.2441	-0.1831	0.2441	0.1099	-0.6537	-95.257	22.92	0	0	0
0x50	 08:58:15.895	-0.0288	-0.0029	1.0049	-0.1221	0.1831	0	0.0934	-0.5548	-95.2515	22.87	0	0	0
0x50	 08:58:15.993	-0.02	-0.0073	0.9888	0.4272	0.3052	0	0.0989	-0.4449	-95.2515	22.92	0	0	0
0x50	 08:58:16.094	-0.0132	0.0088	0.9951	0	0	0	0.1099	-0.3406	-95.2515	22.92	0	0	0
0x50	 08:58:16.184	-0.0142	-0.002	1.0005	-0.2441	-0.1221	0	0.0989	-0.2582	-95.2515	22.92	0	0	0
0x50	 08:58:16.294	-0.0098	-0.0024	0.999	-0.1221	0.061	0	0.0769	-0.1813	-95.2515	22.92	0	0	0
0x50	 08:58:16.403	-0.0059	0.0034	1.0063	-0.2441	0.061	0	0.0604	-0.1318	-95.2515	22.87	0	0	0
0x50	 08:58:16.484	-0.0093	-0.002	0.9995	-0.2441	0.1221	0	0.0439	-0.0824	-95.2515	22.92	0	0	0
0x50	 08:58:16.579	-0.0151	-0.0029	1.0049	-0.1221	0.061	0.2441	0.0165	-0.0275	-95.235	22.92	0	0	0
0x50	 08:58:16.690	-0.02	-0.0088	0.9995	0.4272	-0.2441	0.1221	0.0275	0.011	-95.2185	22.87	0	0	0
0x50	 08:58:16.785	-0.0093	0.0039	1.0093	0.1221	0.3662	0.1831	0.0549	0.0769	-95.213	22.87	0	0	0
0x50	 08:58:16.891	-0.0225	-0.0034	1.001	0.3052	-0.061	0.1221	0.0659	0.1373	-95.191	22.92	0	0	0
0x50	 08:58:16.979	-0.022	-0.0039	1.0029	0.3052	-0.1221	0.2441	0.0824	0.2032	-95.1801	22.92	0	0	0
0x50	 08:58:17.079	-0.022	0.0059	1.0034	0.2441	0.1221	0.1831	0.1099	0.2802	-95.1526	22.87	0	0	0
0x50	 08:58:17.193	-0.0181	-0.002	1.0044	-0.061	0	0.1221	0.1099	0.3406	-95.1416	22.92	0	0	0
0x50	 08:58:17.292	-0.0186	-0.0073	1.002	0.3662	-0.1221	0.1831	0.1208	0.3845	-95.1251	22.92	0	0	0
0x50	 08:58:17.406	-0.0122	0.0073	0.9995	0.1831	-0.3662	0.1831	0.1373	0.401	-95.1031	22.87	0	0	0
0x50	 08:58:17.482	-0.001	-0.001	0.999	-0.061	-0.4272	0.061	0.1483	0.39	-95.0922	22.87	0	0	0
0x50	 08:58:17.576	0	-0.0029	1.0024	0	-0.3052	0.1831	0.1428	0.3571	-95.0757	22.92	0	0	0
0x50	 08:58:17.686	-0.001	0.002	0.9966	0	-0.3052	0.1831	0.1483	0.3241	-95.0592	22.92	0	0	0
0x50	 08:58:17.782	-0.0039	-0.0015	1.0073	0	-0.3662	0.061	0.1483	0.2911	-95.0482	22.92	0	0	0
0x50	 08:58:17.882	-0.0107	0.002	0.9932	-0.061	-0.1221	0	0.1483	0.2747	-95.0427	22.92	0	0	0
0x50	 08:58:17.977	-0.0127	0.0029	1.0034	-0.1831	-0.1831	0	0.1428	0.2747	-95.0427	22.87	0	0	0
0x50	 08:58:18.075	-0.0083	-0.0015	0.9966	0	-0.1221	0	0.1318	0.2966	-95.0427	22.92	0	0	0
0x50	 08:58:18.189	-0.0103	0.0005	1.0049	0	0	0	0.1318	0.3131	-95.0427	22.92	0	0	0
0x50	 08:58:18.286	-0.0117	0.0044	0.9995	-0.1221	0	0	0.1318	0.3351	-95.0427	22.92	0	0	0
0x50	 08:58:18.380	-0.0083	-0.0024	1.0083	-0.1831	0	0	0.1154	0.3625	-95.0427	22.92	0	0	0
0x50	 08:58:18.478	-0.0005	0.001	0.9971	-0.3662	0.061	0	0.0879	0.3735	-95.0427	22.92	0	0	0
0x50	 08:58:18.575	0.0073	0	1.0098	-0.3052	0	0	0.0604	0.379	-95.0427	22.92	0	0	0
0x50	 08:58:18.689	0.0146	0.0005	1.0063	-0.5493	0.1221	0	0.0275	0.3571	-95.0427	22.92	0	0	0
0x50	 08:58:18.784	0.0107	-0.0015	1.0083	-0.3662	0	0	-0.0055	0.3021	-95.0427	22.92	0	0	0
0x50	 08:58:18.880	0.021	-0.0034	0.9927	0	0.1221	0	-0.022	0.2417	-95.0427	22.92	0	0	0
0x50	 08:58:18.988	0.041	-0.001	1.0024	0	-0.061	0	-0.022	0.1648	-95.0427	22.92	0	0	0
0x50	 08:58:19.091	0.0132	-0.002	0.9932	-0.061	0	0	-0.022	0.0879	-95.0427	22.92	0	0	0
0x50	 08:58:19.186	0.0078	0.0005	0.9976	-0.061	-0.1221	0	-0.022	0.033	-95.0427	22.87	0	0	0
0x50	 08:58:19.282	0.0171	-0.0044	1.0146	0.3052	-0.3052	0	-0.011	-0.0165	-95.0427	22.92	0	0	0
0x50	 08:58:19.393	0.0049	-0.0015	1.0059	0.3662	0.1221	0	0.011	-0.0549	-95.0427	22.92	0	0	0
0x50	 08:58:19.477	0.0103	0.0029	0.9966	-0.061	0.1221	0	0.022	-0.0824	-95.0427	22.92	0	0	0
0x50	 08:58:19.574	0.0078	-0.0049	1.0034	-0.061	-0.061	0	0.011	-0.1154	-95.0427	22.87	0	0	0
0x50	 08:58:19.687	-0.0005	-0.0005	0.9937	0	-0.1221	0	0.011	-0.1373	-95.0427	22.92	0	0	0
0x50	 08:58:19.773	-0.0034	0	0.9941	-0.2441	-0.1831	0	0	-0.1263	-95.0427	22.92	0	0	0
0x50	 08:58:19.898	0.0063	-0.0039	0.9966	-0.3052	-0.061	0	-0.022	-0.1099	-95.0427	22.92	0	0	0
0x50	 08:58:19.977	0.0117	-0.0044	1.0088	0.061	0.1831	0	-0.0385	-0.1044	-95.0427	22.92	0	0	0
0x50	 08:58:20.071	0.0088	-0.0039	1.0127	0.1221	0.1221	0	-0.0385	-0.1154	-95.0427	22.92	0	0	0
0x50	 08:58:20.171	0.0063	0.0005	1.001	0	0.1221	0	-0.0275	-0.1318	-95.0427	22.92	0	0	0
0x50	 08:58:20.284	0.0244	0	0.9863	0.061	0	0	-0.0165	-0.1703	-95.0427	22.92	0	0	0
0x50	 08:58:20.381	0.0293	-0.0015	0.9941	0.061	-0.1221	0	-0.011	-0.2307	-95.0427	22.92	0	0	0
0x50	 08:58:20.499	0.0063	-0.002	0.9946	0.1831	-0.061	0	0	-0.2692	-95.0427	22.87	0	0	0
0x50	 08:58:20.578	0.0029	0	0.9961	0	-0.1221	0	0.011	-0.2802	-95.0427	22.87	0	0	0
0x50	 08:58:20.675	0.002	-0.002	1.0029	-0.1221	-0.1831	0	0.011	-0.2856	-95.0427	22.92	0	0	0
0x50	 08:58:20.773	0.0083	-0.0005	0.998	-0.061	-0.1831	0	0	-0.2802	-95.0427	22.92	0	0	0
0x50	 08:58:20.877	0.0142	-0.0024	1.0059	0	0.1221	0	0	-0.2856	-95.0427	22.87	0	0	0
0x50	 08:58:20.970	0.0142	0	1.0024	0	0.2441	0	0	-0.2802	-95.0427	22.92	0	0	0
0x50	 08:58:21.096	0.0112	-0.001	1.0107	0	0.3052	0	0	-0.2747	-95.0427	22.92	0	0	0
0x50	 08:58:21.175	0.0088	-0.0005	1.0059	-0.061	0.3052	0	0	-0.2637	-95.0427	22.92	0	0	0
0x50	 08:58:21.268	0.0063	-0.002	1.0039	-0.1831	0.1221	0	-0.011	-0.2692	-95.0427	22.87	0	0	0
0x50	 08:58:21.380	0.0034	-0.0029	0.9888	-0.1831	0.1831	0	-0.022	-0.2747	-95.0427	22.92	0	0	0
0x50	 08:58:21.468	0.019	0.002	0.9883	-0.1831	-0.061	0	-0.0275	-0.2856	-95.0427	22.92	0	0	0
0x50	 08:58:21.569	0.0078	-0.0044	0.9907	-0.061	0	0	-0.0385	-0.3131	-95.0427	22.92	0	0	0
0x50	 08:58:21.679	0.0039	-0.0049	0.9897	0	0	0	-0.0385	-0.3131	-95.0427	22.92	0	0	0
0x50	 08:58:21.771	0.0146	0.001	0.9951	0	0	0	-0.0385	-0.3076	-95.0427	22.92	0	0	0
0x50	 08:58:21.891	0.0063	-0.0024	0.9907	-0.061	-0.061	0	-0.0439	-0.2911	-95.0427	22.92	0	0	0
0x50	 08:58:21.973	0	-0.0015	1.0044	-0.1831	-0.1221	0	-0.0604	-0.2747	-95.0427	22.87	0	0	0
0x50	 08:58:22.068	0.0034	-0.0044	0.9941	0.1831	0	0	-0.0549	-0.2637	-95.0427	22.92	0	0	0
0x50	 08:58:22.175	0.0137	0.0024	1.0049	-0.3052	0.1831	0	-0.0604	-0.2362	-95.0427	22.92	0	0	0
0x50	 08:58:22.276	0.0093	-0.0063	1.0088	-0.4883	0.1221	0	-0.0989	-0.2252	-95.0427	22.92	0	0	0
0x50	 08:58:22.370	0.0044	-0.0078	0.9995	-0.1831	0	0	-0.1208	-0.2307	-95.0427	22.92	0	0	0
0x50	 08:58:22.480	0.002	0.0005	0.9971	-0.1221	0.1221	0	-0.1318	-0.2032	-95.0427	22.92	0	0	0
0x50	 08:58:22.577	0.0054	-0.0068	1.0068	-0.3052	0.2441	0	-0.1538	-0.1758	-95.0427	22.92	0	0	0
0x50	 08:58:22.672	0.0054	-0.0078	1.0063	0	0.3052	0	-0.1758	-0.1483	-95.0427	22.92	0	0	0
0x50	 08:58:22.770	0.0059	-0.0029	1.0117	0	0.1221	0	-0.1813	-0.1373	-95.0427	22.92	0	0	0
0x50	 08:58:22.865	0.0088	-0.0049	1.0049	-0.061	0.061	0	-0.1813	-0.1373	-95.0427	22.87	0	0	0
0x50	 08:58:22.977	0.0171	-0.0044	1.0103	-0.1221	0.1221	0	-0.1868	-0.1538	-95.0427	22.92	0	0	0
0x50	 08:58:23.071	0.0137	-0.0039	1.0059	0	0.2441	0	-0.1868	-0.1758	-95.0427	22.92	0	0	0
0x50	 08:58:23.166	0.0059	-0.0054	1.0034	-0.061	0.1831	0	-0.1868	-0.1978	-95.0427	22.92	0	0	0
0x50	 08:58:23.278	0.0054	-0.0098	0.9985	0	0	0	-0.1923	-0.2142	-95.0427	22.92	0	0	0
0x50	 08:58:23.392	-0.0015	-0.0146	0.9917	0	-0.061	0	-0.2087	-0.2252	-95.0427	22.92	0	0	0
0x50	 08:58:23.471	-0.0034	-0.0122	0.9961	0.2441	0	-0.4272	-0.2197	-0.2142	-95.0812	22.92	0	0	0
0x50	 08:58:23.567	0.0117	-0.0039	0.9863	0.1831	-0.061	-0.3052	-0.2087	-0.1978	-95.1196	22.92	0	0	0
0x50	 08:58:23.662	0.0142	-0.0044	0.9941	0.1221	0.061	-0.4883	-0.1978	-0.2032	-95.1636	22.92	0	0	0
0x50	 08:58:23.776	0.0029	-0.0029	0.9971	-0.061	0.061	-0.3662	-0.1923	-0.2197	-95.2075	22.92	0	0	0
0x50	 08:58:23.872	0	-0.0088	0.9961	-0.4272	0.061	-0.8545	-0.2087	-0.2197	-95.257	22.92	0	0	0
0x50	 08:58:24.004	-0.0015	-0.0176	0.9917	-0.2441	0	-1.0986	-0.2472	-0.2087	-95.3558	22.92	0	0	0
0x50	 08:58:24.067	-0.0024	-0.0029	0.998	-0.1831	0	-1.5869	-0.2802	-0.1978	-95.4987	22.87	0	0	0
0x50	 08:58:24.161	-0.0015	0	0.9893	-0.061	-0.061	-1.3428	-0.2911	-0.1813	-95.647	22.92	0	0	0
0x50	 08:58:24.261	-0.0054	-0.0039	1.0034	0	0.1831	-0.9155	-0.2747	-0.1593	-95.7568	22.92	0	0	0
0x50	 08:58:24.389	0.0088	-0.0024	0.9888	0	0	-0.9766	-0.2637	-0.1318	-95.8557	22.92	0	0	0
0x50	 08:58:24.475	0.0132	-0.0073	0.9927	-0.1221	-0.1221	-0.9766	-0.2637	-0.1428	-95.9491	22.92	0	0	0
0x50	 08:58:24.594	0.0083	-0.0073	0.9917	0.3052	-0.4272	-1.0376	-0.2472	-0.1868	-96.048	22.87	0	0	0
0x50	 08:58:24.675	0.0137	-0.001	0.9819	0.1221	-0.1221	-1.0986	-0.2197	-0.2252	-96.1523	22.92	0	0	0
0x50	 08:58:24.767	0.0088	-0.0005	1.0034	-0.3662	-0.1221	-1.0376	-0.2252	-0.2472	-96.2567	22.92	0	0	0
0x50	 08:58:24.861	0.0034	-0.0098	0.9878	0.1221	-0.1831	-1.1597	-0.2307	-0.2802	-96.3666	22.92	0	0	0
0x50	 08:58:24.979	0.0049	0.0005	0.9946	0	-0.1831	-0.9766	-0.2252	-0.2966	-96.4655	22.92	0	0	0
0x50	 08:58:25.061	0.0044	-0.0029	0.998	-0.3052	0	-1.2207	-0.2252	-0.3076	-96.5753	22.92	0	0	0
0x50	 08:58:25.189	0.0059	-0.0044	0.9995	-0.061	0	-1.0986	-0.2362	-0.3131	-96.6852	22.92	0	0	0
0x50	 08:58:25.268	0.002	0.0039	0.9937	-0.1831	-0.1221	-0.7935	-0.2362	-0.3351	-96.7731	22.92	0	0	0
0x50	 08:58:25.364	0	-0.0083	0.9946	-0.4883	-0.2441	-0.7935	-0.2472	-0.3406	-96.8555	22.92	0	0	0
0x50	 08:58:25.458	-0.0015	-0.0137	0.9995	0	-0.2441	-0.7324	-0.2856	-0.3351	-96.9269	22.92	0	0	0
0x50	 08:58:25.565	0	-0.0078	0.9985	0	-0.1221	-0.6714	-0.2966	-0.3186	-96.9928	22.92	0	0	0
0x50	 08:58:25.662	0.002	-0.0112	1.0098	0	0	-0.7324	-0.2856	-0.2966	-97.0752	22.92	0	0	0
0x50	 08:58:25.787	0.0039	-0.0044	1.0005	0	0.1831	-0.6714	-0.2911	-0.2856	-97.1521	22.92	0	0	0
0x50	 08:58:25.870	0.0054	-0.0083	0.9976	0.1221	0.1221	-0.7324	-0.2856	-0.2802	-97.218	22.92	0	0	0
0x50	 08:58:25.965	0.0093	-0.0078	0.9917	0.1831	0	-0.7324	-0.2692	-0.2582	-97.2949	22.92	0	0	0
0x50	 08:58:26.060	-0.0005	-0.0005	1.0024	0.061	0.1831	-0.7324	-0.2527	-0.2197	-97.3718	22.92	0	0	0
0x50	 08:58:26.170	0.0029	-0.0049	1.0005	0	0.061	-0.6104	-0.2417	-0.1923	-97.4323	22.92	0	0	0
0x50	 08:58:26.264	0.002	0	0.9985	0.1221	0	-0.4883	-0.2307	-0.1648	-97.4927	22.92	0	0	0
0x50	 08:58:26.366	0.0024	0.0054	0.9985	-0.061	0	0	-0.2197	-0.1428	-97.5092	22.92	0	0	0
0x50	 08:58:26.459	0.002	-0.0044	1.0029	-0.2441	0	0.061	-0.2087	-0.1208	-97.5092	22.92	0	0	0
0x50	 08:58:26.556	-0.0024	-0.0068	1.0024	0	0	0.1221	-0.2142	-0.1044	-97.4927	22.92	0	0	0
0x50	 08:58:26.661	-0.0024	-0.0049	1.002	0.2441	0.1831	0.1221	-0.2032	-0.0769	-97.4762	22.92	0	0	0
0x50	 08:58:26.756	0.0059	-0.0039	0.9995	0	0.2441	0.1221	-0.1868	-0.0439	-97.4707	22.92	0	0	0
0x50	 08:58:26.857	0.002	-0.0039	1.0034	0	0	0	-0.1868	-0.0275	-97.4707	22.92	0	0	0
0x50	 08:58:26.957	0.0015	-0.0049	1.0024	0.1831	-0.061	0	-0.1758	-0.0439	-97.4707	22.92	0	0	0
0x50	 08:58:27.058	0.0195	-0.0024	0.9922	0.4272	-0.1221	0	-0.1373	-0.0604	-97.4707	22.92	0	0	0
0x50	 08:58:27.169	0.0313	0.0024	1.0063	-0.1221	0.061	0	-0.1208	-0.0879	-97.4707	22.87	0	0	0
0x50	 08:58:27.266	0.0181	-0.0088	1.0063	0	0.061	0	-0.1263	-0.1373	-97.4707	22.92	0	0	0
0x50	 08:58:27.361	0.0176	-0.0015	1.0059	0.1831	0.2441	0	-0.1154	-0.1758	-97.4707	22.87	0	0	0
0x50	 08:58:27.469	0.0156	0.002	1.0073	-0.1221	0.3052	0	-0.1099	-0.1868	-97.4707	22.92	0	0	0
0x50	 08:58:27.564	0.0171	-0.0103	1.0078	-0.1221	0.4272	0	-0.1154	-0.1978	-97.4707	22.87	0	0	0
0x50	 08:58:27.662	0.0088	-0.0029	0.9995	0.3662	0.1221	0	-0.1099	-0.2087	-97.4707	22.92	0	0	0
0x50	 08:58:27.759	0.0068	0.0063	1.0044	0	-0.061	0	-0.0934	-0.2087	-97.4707	22.92	0	0	0
0x50	 08:58:27.859	0.0054	-0.0083	1	-0.1221	0	0	-0.1099	-0.2032	-97.4707	22.87	0	0	0
0x50	 08:58:27.954	0.0059	-0.0044	1.0029	0.1221	0	0	-0.1099	-0.1923	-97.4707	22.87	0	0	0
0x50	 08:58:28.066	-0.0073	-0.0024	1.0059	0.2441	0.1221	0	-0.0934	-0.1703	-97.4707	22.92	0	0	0
0x50	 08:58:28.164	-0.0107	-0.001	0.9995	-0.061	0	0	-0.0824	-0.1373	-97.4707	22.92	0	0	0
0x50	 08:58:28.264	-0.0112	-0.0068	0.999	-0.1221	0.2441	0	-0.0879	-0.0879	-97.4707	22.92	0	0	0
0x50	 08:58:28.362	-0.0137	-0.0054	1.0005	0.061	0.3052	0	-0.0879	-0.0275	-97.4707	22.87	0	0	0
0x50	 08:58:28.456	-0.0112	0	0.9937	0	0.1831	0	-0.0824	0.0385	-97.4707	22.92	0	0	0
0x50	 08:58:28.556	-0.0088	-0.0049	0.9976	0.061	0.1831	0	-0.0824	0.0989	-97.4707	22.92	0	0	0
0x50	 08:58:28.658	-0.0063	-0.001	1.001	0	0.061	0	-0.0714	0.1428	-97.4707	22.87	0	0	0
0x50	 08:58:28.755	0.0054	0.0029	0.9907	0	-0.061	0	-0.0604	0.1648	-97.4707	22.92	0	0	0
0x50	 08:58:28.862	0.0088	-0.0059	0.998	0	0	0	-0.0604	0.1593	-97.4707	22.92	0	0	0
0x50	 08:58:28.964	0.0273	-0.0015	0.998	0.061	-0.061	0	-0.0604	0.1318	-97.4707	22.92	0	0	0
0x50	 08:58:29.085	0.0244	-0.0044	0.9961	0.3052	0	0.2441	-0.0439	0.0879	-97.4542	22.87	0	0	0
0x50	 08:58:29.150	0.0073	-0.0054	1.0049	0.3662	0.2441	0.2441	-0.0165	0.0494	-97.4323	22.92	0	0	0
0x50	 08:58:29.261	-0.0068	-0.002	1.001	0.1831	0.061	0.2441	0.0055	0.0439	-97.4158	22.92	0	0	0
0x50	 08:58:29.358	-0.0093	-0.0059	1.0083	0.1831	-0.1221	0.2441	0.0165	0.0604	-97.3938	22.92	0	0	0
0x50	 08:58:29.453	-0.0098	-0.0044	0.9951	0.4272	-0.1831	0.1831	0.033	0.0659	-97.3773	22.87	0	0	0
0x50	 08:58:29.550	0.0005	0.0063	0.9956	-0.061	0.1221	0.2441	0.0549	0.0934	-97.3608	22.92	0	0	0
0x50	 08:58:29.648	0.0049	-0.002	1.0088	0	0.3662	0	0.0494	0.1044	-97.3499	22.92	0	0	0
0x50	 08:58:29.762	0.0024	-0.0015	0.9937	0.2441	0.061	0.2441	0.0549	0.1099	-97.3334	22.92	0	0	0
0x50	 08:58:29.855	0.001	0.0098	0.9937	-0.1221	-0.061	0.1831	0.0714	0.1154	-97.3114	22.92	0	0	0
0x50	 08:58:29.952	0.0029	-0.001	0.9956	-0.1831	0	0.1221	0.0604	0.1208	-97.2949	22.92	0	0	0
0x50	 08:58:30.073	-0.0005	0	1.0005	0.061	-0.061	0.1831	0.0549	0.1318	-97.2675	22.92	0	0	0
0x50	 08:58:30.153	0.0034	0.0049	0.998	0	-0.1831	0.061	0.0659	0.1208	-97.251	22.92	0	0	0
0x50	 08:58:30.247	0.0088	-0.0039	0.9912	-0.2441	-0.4272	0.1221	0.0659	0.1154	-97.2455	22.92	0	0	0
0x50	 08:58:30.355	0.0161	-0.002	1.0034	0.061	-0.3662	0.2441	0.0604	0.0879	-97.229	22.87	0	0	0
0x50	 08:58:30.450	0.0103	0.001	1.001	0.061	-0.2441	0.1831	0.0659	0.0549	-97.2015	22.87	0	0	0
0x50	 08:58:30.560	0.0078	-0.001	1.002	0	-0.2441	0.1831	0.0824	0.0165	-97.1851	22.92	0	0	0
0x50	 08:58:30.675	0.002	0.0005	0.9902	0.1831	-0.3662	0.1831	0.0989	-0.0165	-97.1686	22.92	0	0	0
0x50	 08:58:30.756	-0.0039	0.0015	0.9941	0.1221	-0.1831	0.1831	0.1099	-0.0385	-97.1356	22.92	0	0	0
0x50	 08:58:30.880	0	0.0063	0.999	-0.1221	0	0.1831	0.1208	-0.033	-97.1191	22.92	0	0	0
0x50	 08:58:30.950	0.0039	0.002	1	-0.1221	0.2441	0.1831	0.1208	-0.033	-97.1027	22.87	0	0	0
0x50	 08:58:31.060	0.0063	0.0005	1.001	0	0	0.1831	0.1154	-0.0385	-97.0807	22.87	0	0	0
0x50	 08:58:31.146	0.002	0.0029	0.9995	-0.061	0	0.2441	0.1154	-0.0439	-97.0587	22.92	0	0	0
0x50	 08:58:31.256	0.0054	0.0024	1.0005	-0.2441	0	0.1221	0.1099	-0.0439	-97.0477	22.92	0	0	0
0x50	 08:58:31.351	0.0059	-0.0015	1.0044	-0.2441	0.061	0.1221	0.0879	-0.0439	-97.0258	22.92	0	0	0
0x50	 08:58:31.457	0.0078	-0.001	1.002	0	0.1831	0.2441	0.0714	-0.0439	-97.0038	22.92	0	0	0
0x50	 08:58:31.552	0.0044	0.002	1.0059	0.1221	0.4272	0.1221	0.0769	-0.022	-96.9873	22.92	0	0	0
0x50	 08:58:31.648	0.0054	0.0039	1.0049	-0.2441	0.1831	0.1831	0.0714	-0.011	-96.9708	22.92	0	0	0
0x50	 08:58:31.747	-0.001	-0.0015	1.0049	-0.2441	-0.1831	0.1831	0.0549	-0.022	-96.9489	22.92	0	0	0
0x50	 08:58:31.855	-0.0034	-0.0054	0.9897	0.4883	-0.3662	0.1221	0.0769	-0.0439	-96.9324	22.87	0	0	0
0x50	 08:58:31.952	-0.0015	0.0088	1.0029	-0.1221	-0.1221	0	0.0879	-0.0385	-96.9269	22.87	0	0	0
0x50	 08:58:32.048	-0.0073	-0.0093	1.0044	0	-0.061	0.1221	0.0714	-0.033	-96.9104	22.87	0	0	0
0x50	 08:58:32.159	0.0166	0.0059	0.9858	0	-0.3662	0.3052	0.0604	-0.033	-96.8939	22.92	0	0	0
0x50	 08:58:32.257	0	0.0078	1.002	-0.5493	0.1831	0.061	0.0385	-0.0439	-96.8774	22.92	0	0	0
0x50	 08:58:32.370	0.002	-0.0088	0.9956	-0.3662	0	0.1831	0	-0.0385	-96.861	22.87	0	0	0
0x50	 08:58:32.456	0.0073	0.0039	1.0127	-0.2441	-0.1831	0.1221	-0.0165	-0.0494	-96.8445	22.92	0	0	0
0x50	 08:58:32.556	0.0225	-0.0029	0.9922	-0.5493	-0.4272	0.061	-0.0494	-0.0934	-96.8335	22.92	0	0	0
0x50	 08:58:32.651	0.021	-0.0098	1.0034	-0.1831	-0.3662	0	-0.0879	-0.1703	-96.817	22.92	0	0	0
0x50	 08:58:32.767	0.002	-0.0005	0.9922	0	-0.3052	0.2441	-0.1044	-0.2307	-96.8005	22.92	0	0	0
0x50	 08:58:32.849	0.0005	-0.002	1.0098	-0.1831	-0.4272	0.1831	-0.1154	-0.2582	-96.7841	22.92	0	0	0
0x50	 08:58:32.981	0.0103	-0.0122	0.9917	0.2441	0	0.1831	-0.1154	-0.2802	-96.7676	22.92	0	0	0
0x50	 08:58:33.049	-0.0024	-0.0005	1.0054	0.3662	0	0.3052	-0.0879	-0.2802	-96.7401	22.92	0	0	0
0x50	 08:58:33.157	0.0132	0.0059	0.9883	0	0	0.1831	-0.0769	-0.2692	-96.7291	22.92	0	0	0
0x50	 08:58:33.250	0.0039	-0.0029	1.0054	0	-0.3052	0.6104	-0.0604	-0.2802	-96.6797	22.87	0	0	0
0x50	 08:58:33.368	-0.0024	-0.0063	0.9985	0	0.061	0.5493	-0.0549	-0.2802	-96.6138	22.92	0	0	0
0x50	 08:58:33.451	0.0044	-0.0083	0.9961	-0.061	0	0.061	-0.0769	-0.2692	-96.5918	22.92	0	0	0
0x50	 08:58:33.555	0.0068	-0.0039	1.001	-0.1221	0.1831	0.2441	-0.1044	-0.2417	-96.5808	22.87	0	0	0
0x50	 08:58:33.651	-0.0024	-0.0083	1.0039	0	0.3052	0.1221	-0.1044	-0.2252	-96.5643	22.92	0	0	0
0x50	 08:58:33.754	-0.0063	-0.0137	1.0005	0.1831	0.3052	-0.5493	-0.1099	-0.1758	-96.5918	22.92	0	0	0
0x50	 08:58:33.851	-0.0034	-0.0132	0.998	0	0	-0.8545	-0.1318	-0.1373	-96.6577	22.92	0	0	0
0x50	 08:58:33.951	0	-0.0176	0.9995	0.1221	-0.3662	-1.4648	-0.1538	-0.1208	-96.7841	22.92	0	0	0
0x50	 08:58:34.052	0.0093	-0.0044	0.9868	0.4272	0.061	-1.709	-0.1428	-0.1099	-96.9598	22.92	0	0	0
0x50	 08:58:34.152	0.0054	0.0059	1.0142	-0.061	0.3052	-1.0986	-0.1318	-0.0934	-97.0972	22.87	0	0	0
0x50	 08:58:34.252	0.001	-0.0107	0.9976	0	0.1831	-1.0376	-0.1263	-0.0769	-97.207	22.92	0	0	0
0x50	 08:58:34.352	0.0039	-0.001	1.002	0	0.1221	-1.0986	-0.1263	-0.0769	-97.3224	22.92	0	0	0
0x50	 08:58:34.452	0.0063	-0.0005	0.9941	-0.3052	0.2441	-1.0986	-0.1373	-0.0659	-97.4323	22.87	0	0	0
0x50	 08:58:34.552	0.0146	-0.0078	0.9951	-0.1221	-0.061	-1.2207	-0.1593	-0.0659	-97.5421	22.92	0	0	0
0x50	 08:58:34.652	0.0117	-0.002	0.9946	-0.1221	-0.1221	-1.1597	-0.1703	-0.0879	-97.663	22.87	0	0	0
0x50	 08:58:34.752	0.0088	-0.0098	0.9937	-0.3052	-0.1831	-1.1597	-0.1978	-0.1154	-97.7783	22.92	0	0	0
0x50	 08:58:34.842	0.0103	-0.0078	0.9985	0	0.1221	-1.1597	-0.2032	-0.1428	-97.9047	22.92	0	0	0
0x50	 08:58:34.942	0.0146	0.0015	0.9932	0.1221	0.061	-1.4648	-0.2032	-0.1538	-98.031	22.87	0	0	0
0x50	 08:58:35.039	-0.0039	0.0015	1.001	0	0.2441	-0.7324	-0.1868	-0.1593	-98.1464	22.92	0	0	0
0x50	 08:58:35.137	-0.0083	0.0073	1.0005	0	0.4272	-0.1831	-0.1428	-0.1044	-98.1903	22.92	0	0	0
0x50	 08:58:35.249	-0.0107	-0.0005	1.0029	-0.3662	0.5493	0.061	-0.1428	-0.033	-98.1903	22.92	0	0	0
0x50	 08:58:35.350	-0.0059	-0.0122	0.9927	-0.3662	0.6104	0.1831	-0.1703	0.0494	-98.1793	22.92	0	0	0
0x50	 08:58:35.451	0.001	0	1.0078	-0.2441	0.6104	0.2441	-0.1868	0.1208	-98.1683	22.87	0	0	0
0x50	 08:58:35.544	-0.0044	-0.0054	0.999	-0.1831	0.4272	0.061	-0.2087	0.1813	-98.1519	22.92	0	0	0
0x50	 08:58:35.672	-0.0068	-0.0098	1.0034	0	0.3662	0	-0.2197	0.2197	-98.1409	22.92	0	0	0
0x50	 08:58:35.735	-0.0054	-0.002	0.9951	0	0.3662	0.3052	-0.2197	0.2637	-98.1189	22.92	0	0	0
0x50	 08:58:35.846	-0.002	-0.0093	0.9976	0.3052	0.2441	0.1831	-0.2032	0.3021	-98.1079	22.92	0	0	0
0x50	 08:58:35.946	-0.0078	-0.0039	0.9893	0.4272	0.1221	0.2441	-0.1813	0.3461	-98.0859	22.87	0	0	0
0x50	 08:58:36.041	0.002	0	0.9956	0.3052	0	0.1831	-0.1483	0.3625	-98.064	22.92	0	0	0
0x50	 08:58:36.138	0.001	-0.0083	0.9868	0.6104	-0.2441	0.1221	-0.1044	0.3406	-98.0475	22.87	0	0	0
0x50	 08:58:36.240	0.0015	0.002	1	0.1831	0.3052	0.1831	-0.0549	0.3296	-98.0365	22.92	0	0	0
0x50	 08:58:36.343	0.002	-0.002	1.0103	0.061	0.2441	0.3052	-0.033	0.3241	-98.02	22.92	0	0	0
0x50	 08:58:36.472	-0.0063	-0.001	0.999	0.1221	0.3052	0.1831	-0.022	0.3296	-97.998	22.92	0	0	0
0x50	 08:58:36.540	-0.0073	0.0005	1.002	-0.2441	0.3662	0.2441	-0.0275	0.3406	-97.9761	22.92	0	0	0
0x50	 08:58:36.637	0.0088	-0.0054	0.9863	-0.1831	-0.061	0.1221	-0.0439	0.3571	-97.9541	22.87	0	0	0
0x50	 08:58:36.745	0.0054	-0.002	1.0103	-0.3052	-0.2441	0.1831	-0.0659	0.3131	-97.9431	22.87	0	0	0
0x50	 08:58:36.840	0.002	-0.0039	0.9849	-0.5493	-0.1831	0.1831	-0.1044	0.2582	-97.9266	22.87	0	0	0
0x50	 08:58:36.942	-0.0039	-0.0063	1.0098	-0.4272	-0.3052	0.3052	-0.1483	0.2142	-97.9156	22.87	0	0	0
0x50	 08:58:37.039	-0.0112	-0.0005	0.9976	-0.1221	-0.1831	0.1831	-0.1648	0.2032	-97.8882	22.87	0	0	0
0x50	 08:58:37.142	-0.0166	-0.0068	1.0112	0	-0.1831	0.1831	-0.1703	0.2032	-97.8662	22.87	0	0	0
0x50	 08:58:37.238	-0.0161	-0.0093	0.9897	0.1221	-0.061	0.1831	-0.1703	0.2362	-97.8552	22.92	0	0	0
0x50	 08:58:37.335	-0.0098	-0.0024	1.0063	0	-0.061	0.1831	-0.1758	0.2637	-97.8387	22.92	0	0	0
0x50	 08:58:37.439	0.0005	-0.0063	0.9878	0	-0.1831	0.1221	-0.1703	0.2856	-97.8223	22.87	0	0	0
0x50	 08:58:37.539	0.0059	-0.0049	1.0054	0.1831	-0.3052	0	-0.1648	0.2637	-97.8168	22.87	0	0	0
0x50	 08:58:37.634	0.0068	-0.0015	0.9951	0.1831	-0.6104	0.2441	-0.1538	0.2032	-97.7948	22.92	0	0	0
0x50	 08:58:37.744	0.0044	-0.0054	1.0024	0.1831	-0.2441	0.061	-0.1428	0.1263	-97.7783	22.87	0	0	0
0x50	 08:58:37.838	0.0073	-0.0063	1.0054	0.1221	-0.3662	0.2441	-0.1373	0.0714	-97.7563	22.87	0	0	0
0x50	 08:58:37.939	0.0029	-0.0039	1.0015	0	-0.3052	0.1221	-0.1318	0.0275	-97.7344	22.87	0	0	0
0x50	 08:58:38.033	0.0137	-0.0029	1.0034	-0.1831	-0.1221	0.1221	-0.1373	-0.0275	-97.7234	22.92	0	0	0
0x50	 08:58:38.130	0.0117	-0.0073	1.0083	0.061	-0.3052	0	-0.1373	-0.0934	-97.7179	22.87	0	0	0
0x50	 08:58:38.240	0.0088	-0.0039	0.9868	0.7324	-0.061	0	-0.0824	-0.1483	-97.7179	22.87	0	0	0
0x50	 08:58:38.349	0.002	0.0034	1.0044	0.061	-0.1831	0.3662	-0.0549	-0.1538	-97.7124	22.87	0	0	0
0x50	 08:58:38.430	0.0029	-0.0054	0.9966	0.2441	-0.1221	0	-0.0385	-0.1593	-97.6904	22.87	0	0	0
0x50	 08:58:38.538	0.002	-0.001	0.9995	-0.1221	0.061	0.3662	-0.033	-0.1483	-97.674	22.92	0	0	0
0x50	 08:58:38.633	0.0059	-0.0024	0.9961	-0.1221	0	0.1831	-0.0385	-0.1428	-97.641	22.87	0	0	0
0x50	 08:58:38.731	0.001	-0.0034	1.0107	-0.2441	-0.4883	0.1831	-0.0549	-0.1593	-97.63	22.87	0	0	0
0x50	 08:58:38.831	0	-0.0039	1.0005	-0.1221	-0.1831	0.1831	-0.0714	-0.1813	-97.6025	22.92	0	0	0
0x50	 08:58:38.942	0	-0.0015	1.0044	-0.061	-0.2441	0.2441	-0.0769	-0.1978	-97.5916	22.87	0	0	0
0x50	 08:58:39.036	-0.0059	-0.0034	0.9966	0	-0.2441	0.1831	-0.0824	-0.2032	-97.5641	22.87	0	0	0
0x50	 08:58:39.157	-0.0068	-0.0063	1.0059	0.2441	-0.3052	0.1831	-0.0769	-0.1978	-97.5476	22.87	0	0	0
0x50	 08:58:39.238	-0.0063	-0.002	0.9956	0.061	0	0.1831	-0.0659	-0.1758	-97.5311	22.92	0	0	0
0x50	 08:58:39.337	0.0254	0	1.0015	-0.1831	0.1221	0.061	-0.0659	-0.1813	-97.5201	22.92	0	0	0
0x50	 08:58:39.432	0.0332	-0.0049	0.9888	-0.2441	0	0.061	-0.0824	-0.2307	-97.5146	22.92	0	0	0
0x50	 08:58:39.541	0.0044	-0.001	0.9912	-0.3052	0	0	-0.0989	-0.2856	-97.5146	22.92	0	0	0
0x50	 08:58:39.635	0.0083	-0.001	0.9932	-0.1831	-0.1221	0	-0.1154	-0.3076	-97.5146	22.87	0	0	0
0x50	 08:58:39.740	0.02	-0.0068	0.9966	-0.1221	0.061	0	-0.1263	-0.3186	-97.5146	22.92	0	0	0
0x50	 08:58:39.834	0.0186	0	1.0029	0.1831	0.1831	0.1831	-0.1263	-0.3351	-97.4927	22.87	0	0	0
0x50	 08:58:39.960	-0.001	-0.0029	0.998	0.1221	0.3662	0.1221	-0.1044	-0.3186	-97.4817	22.92	0	0	0
0x50	 08:58:40.025	0.0034	-0.0059	1.0166	0.2441	0.5493	0.1831	-0.0989	-0.2747	-97.4652	22.87	0	0	0
0x50	 08:58:40.137	0.0039	-0.0078	0.9941	0.6714	0.1831	0.3052	-0.0769	-0.2307	-97.4432	22.92	0	0	0
0x50	 08:58:40.234	0.0054	0.002	0.9966	-0.1221	0.7935	-0.2441	-0.0275	-0.1868	-97.4432	22.92	0	0	0
0x50	 08:58:40.329	0.001	-0.0044	1.0112	-0.2441	0.4883	-0.2441	-0.0549	-0.1263	-97.4487	22.87	0	0	0
0x50	 08:58:40.425	-0.0015	0.001	0.9897	-0.3662	0.2441	-0.3052	-0.0769	-0.0824	-97.4927	22.92	0	0	0
0x50	 08:58:40.549	-0.0059	-0.0024	1.0083	-0.1831	0	-0.3052	-0.0989	-0.0494	-97.5146	22.87	0	0	0
0x50	 08:58:40.630	0.0049	-0.0039	0.9985	-0.3052	-0.061	-0.3662	-0.1208	-0.0385	-97.5476	22.87	0	0	0
0x50	 08:58:40.726	0.0034	-0.0073	0.9922	0.1221	0	-0.3052	-0.1263	-0.0549	-97.5861	22.92	0	0	0
0x50	 08:58:40.828	0.0073	0	0.9995	0.2441	-0.1221	-0.4272	-0.1044	-0.0604	-97.6135	22.87	0	0	0
0x50	 08:58:40.923	0.0029	-0.0034	1.0034	-0.061	0	-0.3662	-0.0934	-0.0659	-97.6465	22.92	0	0	0
0x50	 08:58:41.037	0.0054	-0.0024	1.0044	-0.1221	0.061	-0.4883	-0.0934	-0.0769	-97.6959	22.92	0	0	0
0x50	 08:58:41.134	0.002	-0.0039	0.9922	0.1831	0.2441	-0.3662	-0.0989	-0.0714	-97.7344	22.87	0	0	0
0x50	 08:58:41.230	-0.0059	-0.0054	0.9941	0.1221	0.3052	-0.4272	-0.0934	-0.022	-97.7783	22.92	0	0	0
0x50	 08:58:41.326	-0.0054	-0.001	1.001	-0.1221	0.3662	-0.3662	-0.0934	0.0385	-97.8168	22.92	0	0	0
0x50	 08:58:41.441	-0.0039	-0.0054	1.0083	-0.2441	0.4272	-0.4272	-0.1099	0.1154	-97.8552	22.87	0	0	0
0x50	 08:58:41.536	0.0088	-0.0039	1.0044	-0.3052	0.5493	-0.3052	-0.1263	0.1538	-97.8882	22.92	0	0	0
0x50	 08:58:41.633	0.0078	0	1.0029	0	0.1221	-0.3052	-0.1208	0.1813	-97.9211	22.87	0	0	0
0x50	 08:58:41.730	-0.0112	-0.0054	1.0088	0.1831	0.3662	-0.3662	-0.1154	0.1868	-97.9486	22.87	0	0	0
0x50	 08:58:41.822	-0.0151	-0.0049	0.998	0.1221	0.3052	-0.3052	-0.0934	0.2362	-97.9816	22.87	0	0	0
0x50	 08:58:41.933	-0.0103	-0.0044	1.0063	0.1831	0.3662	-0.3662	-0.0769	0.2856	-98.0145	22.87	0	0	0
0x50	 08:58:42.030	-0.0107	0	1.0059	0	-0.1221	-0.2441	-0.0659	0.3186	-98.0475	22.87	0	0	0
0x50	 08:58:42.122	-0.0093	-0.0039	0.9858	0.7324	-0.1221	-0.4272	-0.0165	0.3186	-98.0804	22.87	0	0	0
0x50	 08:58:42.245	-0.0049	0.0054	1.0005	0.3662	0	-0.2441	0.033	0.3516	-98.1134	22.92	0	0	0
0x50	 08:58:42.325	0.002	0	1.0044	0.1221	0	-0.3662	0.0549	0.3461	-98.1409	22.92	0	0	0
0x50	 08:58:42.433	0.0054	-0.0034	0.9922	0	0.061	-0.3052	0.0549	0.3296	-98.1793	22.87	0	0	0
0x50	 08:58:42.533	0	0.0034	1.0068	-0.3052	0	-0.2441	0.0385	0.3131	-98.2013	22.92	0	0	0
0x50	 08:58:42.623	0.0044	-0.0024	1	-0.3662	-0.061	-0.4272	0.0165	0.2911	-98.2397	22.92	0	0	0
0x50	 08:58:42.723	0.002	-0.0059	0.9961	-0.1221	-0.1831	-0.3662	-0.011	0.2472	-98.2727	22.92	0	0	0
0x50	 08:58:42.832	0	-0.0015	0.9941	-0.5493	-0.1221	-0.3052	-0.033	0.2197	-98.3057	22.92	0	0	0
0x50	 08:58:42.924	-0.0029	-0.0044	1.0029	-0.5493	0.061	-0.3052	-0.0714	0.2087	-98.3441	22.92	0	0	0
0x50	 08:58:43.024	-0.0083	-0.0044	1.0015	-0.1221	0.2441	-0.3662	-0.1044	0.2252	-98.3771	22.92	0	0	0
0x50	 08:58:43.120	-0.0132	-0.001	1.0029	0	0.3052	-0.1831	-0.1044	0.2637	-98.41	22.87	0	0	0
0x50	 08:58:43.248	-0.0117	-0.001	0.9907	0.061	0.1221	-0.1221	-0.0934	0.3186	-98.421	22.87	0	0	0
0x50	 08:58:43.327	-0.0049	-0.0034	1.0059	0.061	0.2441	-0.061	-0.0879	0.3571	-98.432	22.87	0	0	0
0x50	 08:58:43.423	-0.0063	-0.001	0.9927	0.1221	0.3662	0.061	-0.0714	0.3845	-98.432	22.92	0	0	0
0x50	 08:58:43.523	-0.0015	0	1.002	-0.1221	0.1831	0.1831	-0.0549	0.401	-98.4265	22.87	0	0	0
0x50	 08:58:43.618	0	-0.0005	1.0005	-0.1221	0	0	-0.0604	0.401	-98.4155	22.87	0	0	0
0x50	 08:58:43.722	0.0024	-0.002	0.9966	0	0	0.2441	-0.0659	0.3845	-98.41	22.92	0	0	0
0x50	 08:58:43.840	-0.0063	-0.0015	1.0034	0.061	-0.1831	0.1831	-0.0604	0.3571	-98.3881	22.92	0	0	0
0x50	 08:58:43.921	-0.0059	0.0034	0.9995	-0.061	-0.1221	0.061	-0.0549	0.3406	-98.3716	22.87	0	0	0
0x50	 08:58:44.015	0.0093	-0.0054	0.9912	-0.3052	-0.3662	0.4883	-0.0659	0.3131	-98.3441	22.87	0	0	0
0x50	 08:58:44.127	0.0034	-0.0034	0.998	0	-0.3662	0.3052	-0.0714	0.2747	-98.3112	22.87	0	0	0
0x50	 08:58:44.221	-0.0063	-0.0015	1.0049	0.5493	-0.5493	0.1221	-0.0494	0.2252	-98.2837	22.87	0	0	0
0x50	 08:58:44.318	-0.0015	0.0024	0.9888	0.5493	0.1831	0	0.0055	0.1978	-98.2782	22.87	0	0	0
0x50	 08:58:44.414	-0.0039	0.0029	1.0117	-0.061	0	0.2441	0.0275	0.2142	-98.2617	22.87	0	0	0
0x50	 08:58:44.528	-0.001	-0.0049	0.9956	0.061	0	0.061	0.0385	0.2197	-98.2507	22.92	0	0	0
0x50	 08:58:44.626	0.0024	0.0029	1.0049	0	0.061	0.1831	0.0439	0.2197	-98.2343	22.92	0	0	0
0x50	 08:58:44.725	0.0049	0.0029	0.9873	-0.3052	0	0	0.0385	0.2252	-98.2288	22.92	0	0	0
0x50	 08:58:44.823	-0.0015	-0.0054	1.0049	-0.1221	-0.3052	0	0.0165	0.2087	-98.2288	22.87	0	0	0
0x50	 08:58:44.926	-0.002	0.0005	0.9971	0.3052	-0.061	0.2441	0.0275	0.1923	-98.2178	22.87	0	0	0
0x50	 08:58:45.024	0.0044	0.0054	1.0005	0	0	0.061	0.0494	0.1813	-98.2013	22.87	0	0	0
0x50	 08:58:45.122	0.0142	-0.0015	0.9995	0	0.3052	0.1221	0.0549	0.1703	-98.1958	22.87	0	0	0
0x50	 08:58:45.224	0.0059	0.0024	1.0088	0	0.061	0.061	0.0549	0.1538	-98.1848	22.92	0	0	0
0x50	 08:58:45.337	0.0093	-0.0024	0.9951	0	0	0.061	0.0604	0.1318	-98.1738	22.87	0	0	0
0x50	 08:58:45.425	0.0083	-0.001	0.9951	0	0.1221	0	0.0604	0.1154	-98.1683	22.92	0	0	0
0x50	 08:58:45.521	0.0078	0	0.9932	0	0	0	0.0659	0.0989	-98.1683	22.92	0	0	0
0x50	 08:58:45.616	-0.001	0.0005	1.0015	-0.1221	0.1221	0	0.0659	0.0879	-98.1683	22.87	0	0	0
0x50	 08:58:45.712	0.0029	0	1.0063	0	0.3052	0	0.0714	0.0824	-98.1683	22.87	0	0	0
0x50	 08:58:45.810	0.001	-0.001	0.9951	-0.1221	0	0	0.0714	0.0714	-98.1683	22.87	0	0	0
0x50	 08:58:45.918	0.0049	0.0024	1	-0.061	-0.3662	0	0.0659	0.0494	-98.1683	22.87	0	0	0
0x50	 08:58:46.012	0	0.0005	0.999	0	-0.1831	0.1221	0.0549	0.022	-98.1519	22.87	0	0	0
0x50	 08:58:46.123	0	-0.0015	0.999	0	-0.061	0.1221	0.0549	0.0165	-98.1409	22.87	0	0	0
0x50	 08:58:46.220	0.0063	0.0005	1.002	-0.061	-0.061	0.1221	0.0549	0.011	-98.1299	22.92	0	0	0
0x50	 08:58:46.345	-0.0039	-0.0005	0.9976	0	-0.5493	0.1221	0.0494	-0.0055	-98.1189	22.92	0	0	0
0x50	 08:58:46.411	-0.0059	-0.0039	0.9883	0.3052	0	0	0.0769	-0.0165	-98.1079	22.87	0	0	0
0x50	 08:58:46.520	-0.0117	0.0063	1.0005	-0.3052	-0.061	0.3052	0.0659	0.011	-98.1024	22.87	0	0	0
0x50	 08:58:46.614	-0.0137	-0.0073	0.9976	0	0	0	0.0549	0.0494	-98.0914	22.92	0	0	0
0x50	 08:58:46.719	0.0078	0	0.9893	0.061	-0.061	0.1831	0.0494	0.0824	-98.0804	22.92	0	0	0
0x50	 08:58:46.815	0.0073	0.0029	0.9976	-0.061	0	0.061	0.0604	0.0769	-98.0695	22.87	0	0	0
0x50	 08:58:46.943	-0.002	-0.0068	0.9956	0	-0.1221	0.1831	0.0549	0.0604	-98.064	22.87	0	0	0
0x50	 08:58:47.021	0.0034	0.0029	0.9922	0.061	-0.1831	0	0.0494	0.0439	-98.0475	22.92	0	0	0
0x50	 08:58:47.107	0.0122	0.0015	1.0029	-0.4272	-0.1831	0	0.0275	0.033	-98.0475	22.92	0	0	0
0x50	 08:58:47.212	-0.0024	-0.0054	1.0029	-0.1221	0.1221	0	0.011	0.011	-98.0475	22.92	0	0	0
0x50	 08:58:47.307	-0.0088	0.0024	1.0015	0	-0.1221	0.2441	0.011	0.0055	-98.031	22.87	0	0	0
0x50	 08:58:47.419	-0.001	-0.001	0.9976	0	0	0.061	0.0165	0.022	-98.0145	22.87	0	0	0
0x50	 08:58:47.523	-0.0083	-0.0088	1.0024	0.1221	0.1831	0.1831	0.011	0.0439	-98.0035	22.87	0	0	0
0x50	 08:58:47.621	-0.0029	0.0034	0.9961	0.1831	0.061	0.1221	0.022	0.0714	-97.9816	22.87	0	0	0
0x50	 08:58:47.721	0.001	0	1.002	-0.1221	0	0.1221	0.0275	0.0824	-97.9761	22.92	0	0	0
0x50	 08:58:47.820	0.0024	-0.0039	0.9937	-0.061	-0.061	0	0.022	0.0824	-97.9706	22.92	0	0	0
0x50	 08:58:47.921	0.0107	-0.0005	0.9966	0.061	-0.1221	0	0.0165	0.0604	-97.9706	22.87	0	0	0
0x50	 08:58:48.015	0	-0.002	0.9971	0.1221	-0.061	0	0.0275	0.033	-97.9706	22.87	0	0	0
0x50	 08:58:48.112	-0.0054	-0.0039	0.9961	0.3052	0	0	0.0439	0.033	-97.9706	22.92	0	0	0
0x50	 08:58:48.220	0	0.0054	1.0078	0.2441	0	0.2441	0.0714	0.0439	-97.9596	22.92	0	0	0
0x50	 08:58:48.305	0.0137	0.0054	1.0088	0.061	-0.1221	0.1831	0.1044	0.0439	-97.9431	22.87	0	0	0
0x50	 08:58:48.418	0.0127	-0.0073	1.0112	0.9766	0.1831	0	0.1648	0.0055	-97.9321	22.87	0	0	0
0x50	 08:58:48.513	0.0088	0.0181	1.0029	0	0.6104	0.3052	0.1923	0.011	-97.9156	22.87	0	0	0
0x50	 08:58:48.611	0.0112	-0.001	1.0083	-0.4272	0	0	0.1813	0	-97.8992	22.87	0	0	0
0x50	 08:58:48.706	0.0088	-0.0015	0.9932	-0.3052	0.3052	0.3662	0.1593	-0.011	-97.8827	22.87	0	0	0
0x50	 08:58:48.830	0.0103	0.0132	1.0068	-0.5493	0.1221	0.061	0.1263	-0.0275	-97.8607	22.87	0	0	0
0x50	 08:58:48.906	0.0156	-0.0078	0.9946	-0.7935	-0.061	0.1221	0.0659	-0.0494	-97.8552	22.92	0	0	0
0x50	 08:58:49.023	0.002	-0.0034	1.0044	0.1831	-0.2441	0.3052	0.0439	-0.0879	-97.8333	22.87	0	0	0
0x50	 08:58:49.108	0.0088	0.0073	0.9951	0.061	0	0.1831	0.0549	-0.1044	-97.8058	22.87	0	0	0
0x50	 08:58:49.217	0.0103	-0.0098	1.0083	0.061	0.1831	0.1831	0.0604	-0.1044	-97.7893	22.87	0	0	0
0x50	 08:58:49.311	0.0034	0.0005	0.9888	0.6714	0	0.3662	0.0934	-0.1263	-97.7618	22.87	0	0	0
0x50	 08:58:49.417	0.0098	0.0127	0.9849	-0.1221	-0.1831	0	0.1208	-0.1263	-97.7399	22.92	0	0	0
0x50	 08:58:49.513	0.0093	-0.0044	0.998	-0.5493	-0.061	0	0.1044	-0.1208	-97.7399	22.87	0	0	0
0x50	 08:58:49.627	0.0039	-0.002	1.0034	-0.1221	0.1831	0.1221	0.0714	-0.1208	-97.7399	22.87	0	0	0
0x50	 08:58:49.708	0.0005	0.0015	1.0088	-0.1831	0.3052	0.061	0.0494	-0.1044	-97.7289	22.92	0	0	0
0x50	 08:58:49.804	0.0054	-0.0063	1.0005	-0.1831	0.2441	0.1831	0.0275	-0.0879	-97.7179	22.87	0	0	0
0x50	 08:58:49.904	0.0142	0	0.9966	-0.1221	0	0.3052	0.011	-0.0934	-97.7069	22.92	0	0	0
0x50	 08:58:50.003	0.0073	-0.0015	0.9839	0	0	0.1221	0.011	-0.1044	-97.6849	22.92	0	0	0
0x50	 08:58:50.105	0.0024	-0.0039	1.0083	0.1221	-0.061	0.1831	0.011	-0.1044	-97.6685	22.87	0	0	0
0x50	 08:58:50.210	0.001	0.002	1.002	0	-0.1221	0.2441	0.011	-0.1154	-97.6465	22.87	0	0	0
0x50	 08:58:50.306	-0.0015	-0.0063	0.9995	0.4272	-0.1831	0	0.0549	-0.1318	-97.6355	22.92	0	0	0
0x50	 08:58:50.401	0.0034	0.0073	0.9971	-0.1831	0.061	0.4272	0.0549	-0.1099	-97.6135	22.92	0	0	0
0x50	 08:58:50.510	0.002	-0.0078	1.0039	0.2441	0.1221	0	0.0659	-0.1044	-97.597	22.92	0	0	0
0x50	 08:58:50.605	0.0054	-0.001	0.98	0.2441	0.1221	0.2441	0.0659	-0.0824	-97.5751	22.92	0	0	0
0x50	 08:58:50.713	0.0034	0.0024	1.0181	-0.1221	0	0.1831	0.0659	-0.0879	-97.5586	22.92	0	0	0
0x50	 08:58:50.807	-0.001	-0.0088	0.9844	0.2441	0	0.1221	0.0659	-0.0824	-97.5421	22.87	0	0	0
0x50	 08:58:50.907	0	0.0083	1.0176	-0.2441	-0.061	0.2441	0.0549	-0.0714	-97.5201	22.92	0	0	0
0x50	 08:58:51.003	-0.0005	-0.001	0.9888	-0.6714	0.3052	0	0.022	-0.0439	-97.5092	22.92	0	0	0
0x50	 08:58:51.107	-0.0029	-0.0078	1.0122	0	0.2441	0	-0.0055	-0.0165	-97.5037	22.87	0	0	0
0x50	 08:58:51.211	-0.0083	0.0054	0.9922	-0.061	0.2441	0	-0.022	0.022	-97.5037	22.92	0	0	0
0x50	 08:58:51.306	-0.0015	-0.0024	1.0005	-0.1221	0.3052	0	-0.033	0.0604	-97.5037	22.92	0	0	0
0x50	 08:58:51.401	-0.0039	0.0063	0.9951	0.2441	0.1221	0.8545	-0.011	0.1044	-97.4377	22.87	0	0	0
0x50	 08:58:51.503	-0.0059	0.0127	1.0063	0	0.2441	1.5259	0.0165	0.1318	-97.3169	22.92	0	0	0
0x50	 08:58:51.598	-0.0063	-0.001	0.9956	0.1831	0	1.8921	0.0549	0.1483	-97.1411	22.92	0	0	0
0x50	 08:58:51.710	-0.0132	0.002	1.0063	0.2441	-0.1221	2.1362	0.0824	0.1593	-96.9324	22.92	0	0	0
0x50	 08:58:51.797	-0.0083	0.0005	0.9966	0	-0.1221	1.8921	0.0989	0.1868	-96.7346	22.87	0	0	0
0x50	 08:58:51.897	0.0103	0.0049	0.9995	0.3052	-0.3052	2.3804	0.1208	0.1868	-96.5094	22.92	0	0	0
0x50	 08:58:52.006	0	0.0063	0.9971	0.2441	-0.3662	2.6855	0.1593	0.1813	-96.2567	22.92	0	0	0
0x50	 08:58:52.101	-0.0103	-0.0044	1.0225	0.6714	-0.2441	2.3193	0.2252	0.1703	-96.015	22.92	0	0	0
0x50	 08:58:52.198	0.0093	0.0166	0.9873	-0.2441	0.5493	2.5024	0.2417	0.1923	-95.7733	22.87	0	0	0
0x50	 08:58:52.311	0.0068	-0.002	1.0229	-0.3052	0.061	2.6855	0.2142	0.1923	-95.5206	22.87	0	0	0
0x50	 08:58:52.408	-0.0068	0.0015	0.9741	0.061	0.2441	3.1738	0.2142	0.1923	-95.235	22.87	0	0	0
0x50	 08:58:52.504	-0.001	0.0234	1.0161	-0.3662	0.1221	3.2349	0.2197	0.1923	-94.9164	22.92	0	0	0
0x50	 08:58:52.598	-0.0029	-0.0151	0.9834	-0.1831	0	3.6621	0.2032	0.2142	-94.5648	22.87	0	0	0
0x50	 08:58:52.709	-0.0039	0.0068	1.0083	0.3662	-0.1221	4.0283	0.2142	0.2087	-94.1968	22.92	0	0	0
0x50	 08:58:52.809	-0.0049	0.019	0.9917	0.1221	0	4.0283	0.2582	0.2197	-93.7903	22.92	0	0	0
0x50	 08:58:52.926	-0.0083	0.0029	1.0171	-0.061	-0.1831	4.8218	0.2856	0.2142	-93.3453	22.87	0	0	0
0x50	 08:58:53.007	-0.0063	0.002	0.9858	0.1831	0	4.6997	0.3021	0.2307	-92.8729	22.87	0	0	0
0x50	 08:58:53.107	0.001	0.0083	1.0029	0.2441	-0.061	4.6997	0.3241	0.2197	-92.395	22.92	0	0	0
0x50	 08:58:53.202	0.0024	0.0122	0.9927	0	-0.061	5.127	0.3571	0.2197	-91.9116	22.87	0	0	0
0x50	 08:58:53.306	-0.0039	0.0024	1.0098	0.1221	-0.1831	5.127	0.379	0.1978	-91.3953	22.92	0	0	0
0x50	 08:58:53.404	-0.0039	0.0044	0.9956	0.3052	-0.061	5.0049	0.3955	0.1813	-90.8789	22.92	0	0	0
0x50	 08:58:53.528	0.0034	0.0083	1.0137	-0.061	0	5.188	0.412	0.1703	-90.368	22.92	0	0	0
0x50	 08:58:53.597	0.0005	0.0039	1.0005	0.3662	0.1831	5.0049	0.434	0.1648	-89.8737	22.87	0	0	0
0x50	 08:58:53.706	-0.0015	0.0088	1.0093	0.3662	-0.061	5.0659	0.4559	0.1428	-89.3573	22.92	0	0	0
0x50	 08:58:53.804	0.0093	0.0156	0.9849	0.1221	-0.1831	5.6763	0.4834	0.1154	-88.8354	22.87	0	0	0
0x50	 08:58:53.906	0	0.0117	1.0122	0.1831	-0.1221	5.7983	0.5273	0.0934	-88.2587	22.92	0	0	0
0x50	 08:58:54.002	-0.001	0.0093	0.9956	-0.3662	0	5.6763	0.5164	0.0879	-87.6764	22.92	0	0	0
0x50	 08:58:54.119	-0.0083	-0.0024	1.0059	-0.061	-0.2441	5.7373	0.4944	0.0824	-87.1106	22.87	0	0	0
0x50	 08:58:54.201	0.0024	0.0054	0.9785	0.5493	0.2441	5.5542	0.5109	0.0934	-86.5393	22.87	0	0	0
0x50	 08:58:54.298	0.002	0.0137	1.0181	0	0	5.6152	0.5219	0.1099	-85.979	22.92	0	0	0
0x50	 08:58:54.398	0.0098	-0.001	0.9858	0.2441	0.061	5.5542	0.5273	0.1044	-85.4187	22.92	0	0	0
0x50	 08:58:54.499	0.0059	0.0195	1	0	-0.3052	5.6763	0.5383	0.0714	-84.8584	22.92	0	0	0
0x50	 08:58:54.601	0.0059	0.0103	0.9951	-0.5493	0	5.5542	0.5328	0.0385	-84.2981	22.87	0	0	0
0x50	 08:58:54.717	0.0142	0	1.0107	-0.1831	-0.2441	5.6763	0.4999	0.0055	-83.7433	22.87	0	0	0
0x50	 08:58:54.799	0.022	0.0151	0.9932	-0.1221	0	5.7373	0.4834	-0.0385	-83.1665	22.87	0	0	0
0x50	 08:58:54.900	0.0088	0.0063	1	0	0	5.9204	0.4834	-0.1044	-82.5842	22.87	0	0	0
0x50	 08:58:55.000	-0.0015	0.0015	1.0024	0.3662	0.061	5.9814	0.4944	-0.1318	-81.991	22.92	0	0	0
0x50	 08:58:55.100	-0.0024	0.0073	0.9976	0.3662	-0.2441	5.9204	0.5273	-0.1318	-81.3977	22.92	0	0	0
0x50	 08:58:55.201	-0.001	0.0088	1.002	0.1831	-0.061	5.7373	0.5548	-0.1318	-80.8154	22.87	0	0	0
0x50	 08:58:55.301	0.0024	0.0044	0.9961	0.3052	0.1221	5.7983	0.5658	-0.1318	-80.2386	22.92	0	0	0
0x50	 08:58:55.401	0.0039	0.0083	0.9995	0.061	0.1221	5.6152	0.5768	-0.1099	-79.6729	22.92	0	0	0
0x50	 08:58:55.501	0.0107	-0.001	0.9995	-0.1831	-0.061	5.4321	0.5658	-0.1099	-79.1071	22.87	0	0	0
0x50	 08:58:55.602	0.0083	-0.0068	0.9966	0.1831	0.1831	4.9438	0.5383	-0.1318	-78.6017	22.92	0	0	0
0x50	 08:58:55.702	0.0083	-0.002	1.0039	0.4272	0.061	4.0894	0.5328	-0.1373	-78.1512	22.92	0	0	0
0x50	 08:58:55.789	0.0059	0.002	0.9985	0	0.1221	3.418	0.5219	-0.1373	-77.7667	22.92	0	0	0
0x50	 08:58:55.893	-0.002	0.001	1.0044	-0.1221	0	3.2959	0.4944	-0.1263	-77.4426	22.87	0	0	0
0x50	 08:58:55.990	0	0.0044	1.0039	0.2441	0.3662	3.418	0.4834	-0.1044	-77.1075	22.87	0	0	0
0x50	 08:58:56.100	-0.0024	0.0005	1.0098	0.5493	-0.061	3.2349	0.5164	-0.0879	-76.767	22.87	0	0	0
0x50	 08:58:56.190	0.0039	0.0054	0.9824	0.3662	0.6104	3.0518	0.5548	-0.0549	-76.4594	22.87	0	0	0
0x50	 08:58:56.298	0	0.0083	1.0098	0.3052	0.061	3.0518	0.5658	-0.0275	-76.1462	22.87	0	0	0
0x50	 08:58:56.395	0.002	-0.002	0.9888	0.1831	0.1831	2.6245	0.5823	0	-75.8661	22.92	0	0	0
0x50	 08:58:56.488	0.0073	0.0039	1.0088	-0.1831	0	2.1973	0.5658	0	-75.6189	22.87	0	0	0
0x50	 08:58:56.599	0.0156	0.0024	0.9961	-0.5493	0.061	1.5869	0.5219	-0.0165	-75.4266	22.87	0	0	0
0x50	 08:58:56.696	0.0146	-0.0068	0.999	-0.1831	0	1.2207	0.4614	-0.0494	-75.2783	22.92	0	0	0
0x50	 08:58:56.822	0.0181	-0.001	0.998	-0.3662	0.1831	0.7324	0.412	-0.0824	-75.1849	22.87	0	0	0
0x50	 08:58:56.891	0.0098	-0.0059	0.9932	-0.3052	0	0	0.3516	-0.1154	-75.141	22.87	0	0	0
0x50	 08:58:56.985	-0.0063	-0.0063	0.999	0.3662	0.061	0.061	0.3131	-0.1373	-75.141	22.87	0	0	0
0x50	 08:58:57.089	0.0044	0.0117	0.9897	0.2441	-0.1221	0.1221	0.3351	-0.1318	-75.1355	22.87	0	0	0
0x50	 08:58:57.190	0.0063	0.002	0.999	0.1831	0.1221	0	0.3516	-0.1208	-75.1245	22.87	0	0	0
0x50	 08:58:57.284	0.0103	0	0.9956	0.1221	-0.061	0.1831	0.3571	-0.1208	-75.119	22.87	0	0	0
0x50	 08:58:57.388	0.0127	0.0137	1.0029	0.061	-0.1831	0	0.3625	-0.1483	-75.108	22.87	0	0	0
0x50	 08:58:57.486	0.001	0.0073	0.999	0.061	0.1831	0.8545	0.3845	-0.1593	-75.0641	22.87	0	0	0
0x50	 08:58:57.582	-0.0093	0.0166	1.0107	-0.2441	0.061	1.4648	0.401	-0.1538	-74.9597	22.87	0	0	0
0x50	 08:58:57.689	-0.0146	0.0132	0.9858	-0.2441	0	1.6479	0.4175	-0.1208	-74.8059	22.92	0	0	0
0x50	 08:58:57.808	-0.0083	0.0063	1.0063	0	-0.1221	2.1973	0.4175	-0.0824	-74.6082	22.87	0	0	0
0x50	 08:58:57.888	0.0176	0.0142	0.9941	0.1221	-0.3662	2.6245	0.4449	-0.0494	-74.3665	22.92	0	0	0
0x50	 08:58:57.984	0.0054	0.001	1.0132	0.6104	-0.7324	2.6855	0.4999	-0.0769	-74.1028	22.87	0	0	0
0x50	 08:58:58.092	0.0103	0.0088	0.9897	0	0	2.3804	0.5383	-0.0934	-73.8501	22.87	0	0	0
0x50	 08:58:58.190	0.0146	-0.0005	1.0254	0.3662	-0.061	1.77	0.5328	-0.1154	-73.6249	22.87	0	0	0
0x50	 08:58:58.291	0.0073	0	0.9854	-0.3662	0	1.5259	0.5219	-0.1263	-73.4656	22.92	0	0	0
0x50	 08:58:58.387	0.0122	0.0015	1.0137	-0.4272	0	0.7324	0.4669	-0.1538	-73.3447	22.87	0	0	0
0x50	 08:58:58.495	0.0039	-0.0132	0.9922	-0.4272	0	0.1831	0.39	-0.1758	-73.2898	22.87	0	0	0
0x50	 08:58:58.592	0.0088	0.0024	1.0098	0	0.061	0	0.3406	-0.1868	-73.2953	22.87	0	0	0
0x50	 08:58:58.692	0.0142	0.0127	0.9922	0	0.2441	0	0.3296	-0.2032	-73.2953	22.87	0	0	0
0x50	 08:58:58.787	0.0132	-0.0029	1.0044	-0.061	-0.1831	0	0.3131	-0.2362	-73.2843	22.87	0	0	0
0x50	 08:58:58.892	0.0039	0	0.9937	0.4272	-0.3052	0.1831	0.3186	-0.2582	-73.2788	22.92	0	0	0
0x50	 08:58:58.990	0.0054	0.0093	1.0039	0	-0.061	0	0.3186	-0.2637	-73.2623	22.87	0	0	0
0x50	 08:58:59.084	0.0073	-0.0039	1.002	0	0	0	0.3186	-0.2527	-73.2623	22.87	0	0	0
0x50	 08:58:59.179	0.0068	0.0054	0.9976	-0.061	-0.1221	0.1221	0.3186	-0.2527	-73.2458	22.92	0	0	0
0x50	 08:58:59.291	-0.001	-0.0112	1.0083	0.2441	0.3052	-0.5493	0.3186	-0.2362	-73.2568	22.87	0	0	0
0x50	 08:58:59.390	0.0044	-0.0068	1.0029	0.3052	0.1221	-0.9766	0.3131	-0.2142	-73.3392	22.87	0	0	0
0x50	 08:58:59.487	-0.001	0.0015	0.998	0.1831	0.1221	-1.77	0.2966	-0.1923	-73.4766	22.87	0	0	0
0x50	 08:58:59.580	-0.0029	-0.0137	0.998	-0.4883	0	-2.2583	0.2472	-0.1648	-73.6908	22.87	0	0	0
0x50	 08:58:59.678	-0.0049	-0.0078	1.0034	0.1831	0	-2.7466	0.2087	-0.1373	-73.949	22.87	0	0	0
0x50	 08:58:59.790	0.0078	0.0005	0.9912	0.6104	-0.6104	-3.1738	0.2252	-0.1428	-74.2511	22.87	0	0	0
0x50	 08:58:59.888	-0.001	0.0103	1.0015	-0.1221	0.3662	-3.1128	0.2362	-0.1154	-74.5697	22.87	0	0	0
0x50	 08:58:59.982	-0.0049	0.0034	1.0156	-0.061	0	-2.8687	0.2307	-0.1044	-74.8608	22.87	0	0	0
0x50	 08:59:00.082	-0.0083	0.0117	0.9902	0.061	0.2441	-2.3804	0.2472	-0.0714	-75.1245	22.87	0	0	0
0x50	 08:59:00.177	0.0034	0.0166	1.0103	-0.6104	-0.1831	-2.0142	0.2362	-0.0494	-75.3387	22.87	0	0	0
0x50	 08:59:00.291	0.0049	0	0.9893	-0.7935	0.061	-1.4038	0.1978	-0.0549	-75.498	22.87	0	0	0
0x50	 08:59:00.387	0.0049	0.001	1.0024	-0.4272	-0.1831	-1.3428	0.1703	-0.0549	-75.6409	22.87	0	0	0
0x50	 08:59:00.494	0.0049	0	0.9941	-0.3662	0.061	-1.4648	0.1318	-0.0549	-75.7727	22.87	0	0	0
0x50	 08:59:00.588	0.0049	-0.0044	1.0063	-0.3662	-0.061	-1.2817	0.1044	-0.0659	-75.9155	22.87	0	0	0
0x50	 08:59:00.675	0.0034	-0.0015	0.999	-0.1221	-0.1221	-1.2207	0.0879	-0.0714	-76.0364	22.87	0	0	0
0x50	 08:59:00.785	0.0005	-0.0059	0.9956	-0.1831	-0.1831	-2.0142	0.0659	-0.0879	-76.2012	22.87	0	0	0
0x50	 08:59:00.889	0.0029	-0.0103	0.9937	-0.1221	-0.3052	-2.2583	0.033	-0.0934	-76.4099	22.87	0	0	0
0x50	 08:59:00.988	0.0073	-0.0044	1.0054	0.2441	0	-2.6855	0.0385	-0.1044	-76.6736	22.87	0	0	0
0x50	 08:59:01.088	0.0107	0.0029	1.002	0.3052	0	-2.8076	0.0549	-0.1154	-76.9427	22.87	0	0	0
0x50	 08:59:01.183	0.0044	-0.0029	0.9985	0.061	-0.1831	-2.7466	0.0714	-0.1373	-77.2229	22.87	0	0	0
0x50	 08:59:01.305	0.0073	-0.0044	1.002	0.1221	0.1831	-2.7466	0.0714	-0.1428	-77.4921	22.87	0	0	0
0x50	 08:59:01.387	0.0068	-0.002	1.0059	-0.5493	0	-3.2349	0.0439	-0.1483	-77.7997	22.87	0	0	0
0x50	 08:59:01.484	0.0068	-0.0137	0.9985	-0.4272	0.1221	-3.8452	-0.022	-0.1538	-78.1567	22.87	0	0	0
0x50	 08:59:01.581	0.0073	-0.0107	1.0005	-0.1831	0	-4.0894	-0.0769	-0.1593	-78.5522	22.87	0	0	0
0x50	 08:59:01.695	0.0024	-0.0083	0.9966	0.7935	-0.4272	-4.3945	-0.0549	-0.1813	-78.9807	22.87	0	0	0
0x50	 08:59:01.773	0.0132	0.0054	0.9902	0.1831	0.4883	-4.3335	-0.0055	-0.1703	-79.4202	22.92	0	0	0
0x50	 08:59:01.883	0.0107	-0.0073	1.0112	0	0	-4.5166	0	-0.1758	-79.8541	22.87	0	0	0
0x50	 08:59:01.983	0.0073	-0.0117	0.9961	0.2441	0.1221	-4.8828	0	-0.1868	-80.332	22.92	0	0	0
0x50	 08:59:02.078	0.0049	0.001	1	-0.1221	-0.1831	-5.249	-0.0165	-0.2032	-80.8319	22.87	0	0	0
0x50	 08:59:02.186	0.0073	-0.001	0.999	-0.6104	-0.1221	-5.188	-0.0494	-0.2087	-81.3702	22.87	0	0	0
0x50	 08:59:02.308	0.0039	-0.0068	1.0146	-0.4883	0	-5.188	-0.0934	-0.2197	-81.8866	22.87	0	0	0
0x50	 08:59:02.374	0.0073	-0.0049	1.0005	-0.3052	0.2441	-5.3101	-0.1263	-0.2197	-82.403	22.87	0	0	0
0x50	 08:59:02.484	0.0024	-0.0137	1.0005	-0.3662	0.1221	-5.7983	-0.1703	-0.2142	-82.9633	22.87	0	0	0
0x50	 08:59:02.572	0	-0.0093	0.9966	0.061	0.1221	-5.8594	-0.1923	-0.1923	-83.551	22.87	0	0	0
0x50	 08:59:02.683	0.0059	0.0029	0.9985	0	0.1831	-5.9204	-0.1813	-0.1648	-84.1443	22.87	0	0	0
0x50	 08:59:02.782	0.0068	-0.0098	1.0015	-0.4883	0.1221	-6.4087	-0.2142	-0.1593	-84.7595	22.87	0	0	0
0x50	 08:59:02.871	0.0029	-0.0107	1.0005	-0.1831	0	-6.3477	-0.2692	-0.1648	-85.4022	22.87	0	0	0
0x50	 08:59:02.975	0.0044	0.0063	0.9976	-0.1221	-0.061	-5.9814	-0.2856	-0.1758	-86.012	22.87	0	0	0
0x50	 08:59:03.070	0.0107	-0.0039	1.001	-0.1831	0	-5.4932	-0.2747	-0.1813	-86.5833	22.92	0	0	0
0x50	 08:59:03.183	0.0054	-0.0107	1.0005	-0.1221	0	-5.6152	-0.2802	-0.1923	-87.1381	22.92	0	0	0
0x50	 08:59:03.277	0.0029	-0.0015	1.002	0	-0.061	-5.4932	-0.2747	-0.1923	-87.6929	22.92	0	0	0
0x50	 08:59:03.377	0.0024	-0.0083	0.9995	0	-0.1221	-5.5542	-0.2637	-0.1978	-88.2477	22.92	0	0	0
0x50	 08:59:03.498	-0.0063	-0.0098	1.0068	0.2441	-0.2441	-5.7373	-0.2527	-0.2087	-88.8135	22.87	0	0	0
0x50	 08:59:03.578	0.0034	-0.0034	0.9888	0.4272	-0.1831	-5.8594	-0.2032	-0.2087	-89.3958	22.87	0	0	0
0x50	 08:59:03.668	0.0103	0.001	1.0034	-0.3662	0.1831	-5.6763	-0.2087	-0.1703	-89.9725	22.87	0	0	0
0x50	 08:59:03.782	0.0137	-0.0127	1.0049	-0.061	0.1221	-5.8594	-0.2362	-0.1703	-90.5548	22.87	0	0	0
0x50	 08:59:03.878	0.0117	0.0039	0.9961	0.1221	0.1831	-5.0049	-0.2307	-0.1758	-91.0986	22.87	0	0	0
0x50	 08:59:03.971	0.0181	0.0132	1	-0.5493	-0.061	-4.9438	-0.2252	-0.1978	-91.593	22.87	0	0	0
0x50	 08:59:04.067	0.0107	-0.0098	0.9956	-0.3662	-0.3052	-4.2725	-0.2362	-0.2417	-92.0435	22.87	0	0	0
0x50	 08:59:04.181	0.0166	0.0034	0.998	0.2441	-0.2441	-3.7842	-0.2087	-0.2966	-92.45	22.87	0	0	0
0x50	 08:59:04.277	0.0137	0.0073	1.0044	0	-0.3662	-3.6011	-0.1703	-0.3461	-92.8125	22.87	0	0	0
0x50	 08:59:04.375	0.0146	-0.0005	1	0	-0.3662	-3.1128	-0.1428	-0.4175	-93.1476	22.87	0	0	0
0x50	 08:59:04.471	0.0112	0.0034	0.9922	0.2441	-0.4272	-2.7466	-0.1044	-0.4559	-93.4332	22.87	0	0	0
0x50	 08:59:04.570	0.0146	0.0166	1.0029	-0.1221	0	-2.3193	-0.0549	-0.4834	-93.6914	22.87	0	0	0
0x50	 08:59:04.666	0.0103	0.0093	1.002	-0.5493	0	-1.8921	-0.0439	-0.4834	-93.9001	22.87	0	0	0
0x50	 08:59:04.779	0.0117	0.0063	1.0034	-0.3662	0.1831	-1.0376	-0.0549	-0.4834	-94.032	22.87	0	0	0
0x50	 08:59:04.868	0.0059	0.0093	1.0098	-0.4272	0.1221	-0.4883	-0.0604	-0.4834	-94.1089	22.87	0	0	0
0x50	 08:59:05.004	0.0039	0.0068	0.9937	-0.3052	-0.061	0.1831	-0.0549	-0.4834	-94.1199	22.92	0	0	0
0x50	 08:59:05.067	0.0117	0.0127	0.9995	0	-0.1831	0.7324	-0.0275	-0.4724	-94.0704	22.87	0	0	0
0x50	 08:59:05.165	0.0088	0.0142	1.0078	-0.1221	-0.061	1.2207	0.011	-0.5054	-93.9716	22.87	0	0	0
0x50	 08:59:05.278	0.0146	0.0059	0.9907	0	-0.1831	1.6479	0.022	-0.5328	-93.8232	22.87	0	0	0
0x50	 08:59:05.442	0.0156	-0.0024	1.0005	0.061	-0.1831	1.709	0.033	-0.5438	-93.653	22.87	0	0	0
0x50	 08:59:05.474	-0.0005	-0.0059	1.0127	0.9155	-0.4883	1.77	0.0824	-0.5768	-93.4772	22.87	0	0	0
0x50	 08:59:05.607	0.0117	0.0103	0.9883	-0.061	0.4883	1.5259	0.1099	-0.5713	-93.3179	22.92	0	0	0
0x50	 08:59:05.672	0.0083	-0.0049	1.0117	-0.1221	0	1.4038	0.1044	-0.5493	-93.1696	22.87	0	0	0
0x50	 08:59:05.771	0.0107	-0.0034	0.9829	0.061	0.1221	1.709	0.0989	-0.5328	-93.0212	22.87	0	0	0
0x50	 08:59:05.868	0.0195	0.0137	1.0093	-0.1221	0	1.3428	0.0989	-0.5328	-92.8674	22.92	0	0	0
0x50	 08:59:05.977	0.0181	-0.0088	0.9907	-0.061	-0.1831	1.5869	0.0934	-0.5438	-92.7191	22.87	0	0	0
0x50	 08:59:06.075	0.0122	0.0059	1.0034	0.4883	-0.1221	1.5869	0.1154	-0.5713	-92.5598	22.87	0	0	0
0x50	 08:59:06.198	0.0176	0.0146	0.9907	-0.061	-0.1831	1.5869	0.1373	-0.5933	-92.395	22.87	0	0	0
0x50	 08:59:06.276	0.0117	-0.001	1.0059	-0.2441	-0.1831	2.3193	0.1428	-0.6097	-92.2083	22.87	0	0	0
0x50	 08:59:06.371	0.0049	0.0068	1.0015	0.1831	0.061	2.4414	0.1593	-0.6152	-91.972	22.92	0	0	0
0x50	 08:59:06.469	0.021	0.002	0.998	0.3052	0.3052	2.3193	0.1868	-0.6042	-91.7194	22.87	0	0	0
0x50	 08:59:06.586	0.019	0.0005	1.0005	0.061	0.3662	2.5635	0.2197	-0.5933	-91.4832	22.87	0	0	0
0x50	 08:59:06.667	0.0156	0.0112	0.9976	0.2441	0.2441	2.3804	0.2362	-0.5823	-91.2305	22.87	0	0	0
0x50	 08:59:06.762	0.0264	0.0063	0.9893	0	0.3662	2.4414	0.2472	-0.5768	-90.9833	22.87	0	0	0
0x50	 08:59:06.875	0.0166	0.0024	0.9961	-0.061	0.6104	2.8687	0.2472	-0.5658	-90.7196	22.92	0	0	0
0x50	 08:59:06.973	0.0049	0.0195	0.9971	-0.061	0.4272	3.1738	0.2637	-0.5219	-90.4175	22.92	0	0	0
0x50	 08:59:07.070	0.0181	0.0137	0.9922	-0.3052	0.061	3.6011	0.2747	-0.4889	-90.0769	22.92	0	0	0
0x50	 08:59:07.165	0.0151	0.0063	1.0093	0	0.2441	4.2725	0.2856	-0.4889	-89.6869	22.87	0	0	0
0x50	 08:59:07.266	0.0015	0.019	1.002	0.1221	0.3052	4.8828	0.3241	-0.4834	-89.2419	22.92	0	0	0
0x50	 08:59:07.364	-0.0015	0.0112	1.0034	0.1221	0.1831	5.188	0.3625	-0.4504	-88.7311	22.87	0	0	0
0x50	 08:59:07.460	0	0.0039	0.9819	0.1221	0.4883	5.5542	0.401	-0.379	-88.1927	22.87	0	0	0
0x50	 08:59:07.567	0.0083	0.0078	1.0078	0.1831	0.4272	5.6763	0.4065	-0.2911	-87.6324	22.87	0	0	0
0x50	 08:59:07.659	0.0078	0.0044	0.999	0	0.6104	5.7983	0.423	-0.2362	-87.0557	22.87	0	0	0
0x50	 08:59:07.769	0.0103	0.0156	0.9917	-0.1831	0.3052	5.7983	0.423	-0.1923	-86.4844	22.87	0	0	0
0x50	 08:59:07.870	0.0015	0.0122	1.0146	-0.2441	0.4883	6.4087	0.4285	-0.1648	-85.8746	22.92	0	0	0
0x50	 08:59:07.965	0.0024	0.0137	0.9868	-0.2441	0.2441	6.6528	0.434	-0.1318	-85.2209	22.87	0	0	0
0x50	 08:59:08.061	-0.0024	0.0127	1.0063	-0.6104	0.4272	7.2021	0.423	-0.0934	-84.5288	22.92	0	0	0
0x50	 08:59:08.170	0.002	0.0034	1	-0.1831	0.6104	7.3853	0.401	-0.033	-83.7982	22.87	0	0	0
0x50	 08:59:08.287	-0.0049	0.002	1.0093	0	0.2441	7.5073	0.3955	0	-83.0566	22.87	0	0	0
0x50	 08:59:08.368	0.0107	0.0073	0.981	0	0.1221	7.2632	0.3955	0.022	-82.3096	22.87	0	0	0
0x50	 08:59:08.469	0.0161	0.0107	1.001	0	0	7.6904	0.3955	0.0055	-81.568	22.87	0	0	0
0x50	 08:59:08.564	0.0127	0	0.9937	0.1831	0.2441	7.5684	0.4065	-0.011	-80.8044	22.87	0	0	0
0x50	 08:59:08.670	0.0015	0.002	1.0054	0	0.2441	7.4463	0.412	-0.022	-80.0409	22.87	0	0	0
0x50	 08:59:08.767	-0.0015	-0.0083	0.9941	0.5493	0.3052	6.7139	0.4175	-0.011	-79.3323	22.87	0	0	0
0x50	 08:59:08.865	0.0073	0.0127	1.0083	0.4883	-0.061	7.019	0.4504	-0.011	-78.6566	22.87	0	0	0
0x50	 08:59:08.966	-0.0024	0.0186	0.9907	-0.061	0.1221	6.958	0.4944	-0.0165	-77.9535	22.87	0	0	0
0x50	 08:59:09.061	0.001	0.0005	1.0049	0.1221	0.4272	6.897	0.5054	0	-77.2614	22.92	0	0	0
0x50	 08:59:09.159	0.0034	0.0073	1.0044	0.6714	-0.061	6.958	0.5328	0.0385	-76.5637	22.92	0	0	0
0x50	 08:59:09.255	0.0054	0.0146	1.0088	0.7935	0.061	6.897	0.6207	0.0165	-75.8771	22.87	0	0	0
0x50	 08:59:09.368	0.0093	0.0103	0.9951	0.7324	0.2441	7.3242	0.6757	0.022	-75.163	22.87	0	0	0
0x50	 08:59:09.454	0.0093	0.0171	1.0073	0.3052	0.1221	7.2021	0.7361	-0.011	-74.4434	22.87	0	0	0
0x50	 08:59:09.568	0.0044	0.0039	0.9766	-0.3052	0.1221	6.897	0.7361	-0.0165	-73.7238	22.87	0	0	0
0x50	 08:59:09.670	-0.002	-0.001	1.0156	-0.4883	0.1221	6.1035	0.6866	-0.022	-73.0865	22.87	0	0	0
0x50	 08:59:09.768	-0.0034	-0.0015	0.9824	-0.3052	0.1221	5.188	0.6317	0	-72.5098	22.87	0	0	0
0x50	 08:59:09.890	0.0015	0	1.0151	-0.3052	0.061	4.5776	0.5658	0.022	-72.0209	22.92	0	0	0
0x50	 08:59:09.955	-0.0029	-0.0068	0.9985	0.2441	0.1221	3.9673	0.5219	0.0659	-71.5979	22.87	0	0	0
0x50	 08:59:10.068	-0.0068	0	1.0166	0.4883	0.3052	3.3569	0.5164	0.0934	-71.2189	22.87	0	0	0
0x50	 08:59:10.154	-0.0098	0.001	0.998	-0.2441	0.3052	2.6855	0.4889	0.1263	-70.9167	22.92	0	0	0
0x50	 08:59:10.270	-0.0083	-0.0137	1.001	-0.061	0.3052	2.3193	0.423	0.1483	-70.6641	22.92	0	0	0
0x50	 08:59:10.355	0.002	0	0.9937	-0.061	0.2441	1.8311	0.379	0.1813	-70.4553	22.92	0	0	0
0x50	 08:59:10.486	-0.0005	-0.0068	1.0005	-0.4272	0.1221	1.3428	0.3296	0.1758	-70.285	22.92	0	0	0
0x50	 08:59:10.552	0.001	-0.0137	0.9976	-0.4272	0.1831	0.8545	0.2582	0.1923	-70.1697	22.87	0	0	0
0x50	 08:59:10.665	0.0068	-0.0068	1.0039	-0.3662	0.061	0.2441	0.1923	0.1923	-70.1147	22.87	0	0	0
0x50	 08:59:10.756	-0.0049	-0.0137	1.0112	0	-0.061	-0.3662	0.1154	0.1593	-70.1202	22.87	0	0	0
0x50	 08:59:10.868	-0.0146	-0.0146	0.9678	0.061	-0.2441	-1.2817	0.0769	0.1208	-70.1971	22.87	0	0	0
0x50	 08:59:10.953	-0.0161	-0.0205	1.0117	0.1221	-0.6714	-1.4648	0.0165	0.1428	-70.329	22.87	0	0	0
0x50	 08:59:11.088	-0.0107	-0.0107	0.9858	0.1831	-0.1831	-2.3193	-0.0055	0.1593	-70.5322	22.87	0	0	0
0x50	 08:59:11.153	0.0293	-0.0122	1.0054	0.2441	-0.6104	-2.8687	-0.033	0.1813	-70.7684	22.87	0	0	0
0x50	 08:59:11.250	0.021	-0.0122	1.0127	-0.061	-0.4272	-3.6011	-0.0549	0.1428	-71.1035	22.87	0	0	0
0x50	 08:59:11.356	0.0161	-0.0181	1.0151	-0.061	-0.1831	-4.1504	-0.0934	0.0824	-71.488	22.87	0	0	0
0x50	 08:59:11.451	0.0083	-0.0122	1.0044	-0.2441	-0.1221	-4.5776	-0.1428	0.0165	-71.911	22.87	0	0	0
0x50	 08:59:11.555	-0.001	-0.0171	1.0093	-0.1831	-0.2441	-5.127	-0.1813	-0.033	-72.3999	22.87	0	0	0
0x50	 08:59:11.679	0.0049	-0.0186	0.9907	-0.061	0	-5.6152	-0.2197	-0.0659	-72.9327	22.87	0	0	0
0x50	 08:59:11.760	0.0098	-0.0156	0.999	-0.6104	-0.4883	-6.2866	-0.2802	-0.0989	-73.5315	22.92	0	0	0
0x50	 08:59:11.851	0.0039	-0.0273	0.9966	-0.1831	-0.6104	-7.019	-0.368	-0.1483	-74.1852	22.87	0	0	0
0x50	 08:59:11.951	0.0054	-0.0283	1.0127	0.6104	-0.5493	-7.7515	-0.401	-0.1978	-74.9213	22.87	0	0	0
0x50	 08:59:12.062	0.0044	-0.0122	1.0107	-0.1221	0	-8.728	-0.4285	-0.2362	-75.7397	22.87	0	0	0
0x50	 08:59:12.161	-0.0063	-0.0073	1.0039	-0.3662	0	-8.606	-0.4999	-0.2472	-76.6296	22.87	0	0	0
0x50	 08:59:12.248	-0.0117	-0.0107	0.9902	0.4883	-0.061	-7.6904	-0.4779	-0.2802	-77.4316	22.87	0	0	0
0x50	 08:59:12.348	-0.0098	0.0127	1.0044	-0.061	-0.4883	-6.5918	-0.4504	-0.2362	-78.1677	22.87	0	0	0
0x50	 08:59:12.458	-0.0059	-0.0068	0.9951	0.4272	0.1221	-6.1646	-0.39	-0.2197	-78.7994	22.92	0	0	0
0x50	 08:59:12.556	-0.002	0.0015	0.9946	0.2441	-0.1831	-5.0049	-0.3296	-0.1758	-79.3488	22.92	0	0	0
0x50	 08:59:12.651	0.0039	0.0107	1.0029	-0.6104	0	-4.8828	-0.3021	-0.1648	-79.8596	22.92	0	0	0
0x50	 08:59:12.752	-0.0029	-0.0098	0.9995	-0.6714	0	-4.2114	-0.3296	-0.1428	-80.3101	22.92	0	0	0
0x50	 08:59:12.846	-0.0068	0.0044	1.0049	-0.5493	0.4883	-3.54	-0.3516	-0.0989	-80.7001	22.87	0	0	0
0x50	 08:59:12.946	-0.0132	-0.0142	1.0034	-0.1221	0	-3.6621	-0.3625	-0.0494	-81.0571	22.92	0	0	0
0x50	 08:59:13.060	-0.0088	-0.0161	0.9902	0.4883	0.061	-3.479	-0.3516	-0.0055	-81.4197	22.87	0	0	0
0x50	 08:59:13.149	0.0034	0.0059	1.0024	-0.2441	-0.3662	-3.8452	-0.3351	0.011	-81.7822	22.92	0	0	0
0x50	 08:59:13.259	0.0063	-0.02	1.0044	-0.2441	-0.061	-4.2114	-0.3571	0.011	-82.1777	22.92	0	0	0
0x50	 08:59:13.356	0.0142	-0.0122	1.002	0.1831	-0.1221	-4.2114	-0.379	-0.0055	-82.6062	22.87	0	0	0
0x50	 08:59:13.451	0.0044	-0.0044	0.9966	0	-0.1831	-4.3335	-0.379	-0.0494	-83.0292	22.92	0	0	0
0x50	 08:59:13.548	-0.0015	-0.0132	1	0.1221	-0.061	-4.6387	-0.3571	-0.0659	-83.4906	22.87	0	0	0
0x50	 08:59:13.652	-0.0024	-0.0049	1.0073	0.1221	-0.1831	-4.4556	-0.3516	-0.0824	-83.941	22.87	0	0	0
0x50	 08:59:13.746	-0.001	-0.0132	1.001	0.061	-0.3052	-4.9438	-0.3461	-0.1044	-84.408	22.87	0	0	0
0x50	 08:59:13.858	0.0059	-0.0024	0.9985	-0.2441	0.4883	-5.0659	-0.3625	-0.0879	-84.9243	22.87	0	0	0
0x50	 08:59:13.958	0.0068	-0.0156	0.9937	-0.1221	-0.061	-5.0049	-0.3955	-0.0989	-85.4022	22.87	0	0	0
0x50	 08:59:14.052	0.0098	-0.022	0.9961	-0.3052	0.3052	-5.4321	-0.4285	-0.1044	-85.946	22.87	0	0	0
0x50	 08:59:14.162	0.0083	-0.0078	0.9922	0	-0.061	-6.3477	-0.4669	-0.1154	-86.5393	22.87	0	0	0
0x50	 08:59:14.245	0.0078	-0.0137	0.9995	0	-0.1221	-6.0425	-0.4669	-0.1538	-87.1545	22.92	0	0	0
0x50	 08:59:14.345	0.0093	-0.0015	0.9897	-0.061	0.061	-6.1646	-0.4559	-0.1648	-87.7808	22.87	0	0	0
0x50	 08:59:14.456	0.0034	-0.0054	1.0068	0	0.1221	-5.8594	-0.4449	-0.1648	-88.374	22.92	0	0	0
0x50	 08:59:14.553	0.0093	-0.0063	0.9966	0.1831	0.5493	-5.9814	-0.4175	-0.1483	-88.9673	22.87	0	0	0
0x50	 08:59:14.648	0.019	-0.0063	0.9976	-0.061	0	-5.9814	-0.4175	-0.1538	-89.5605	22.87	0	0	0
0x50	 08:59:14.766	0.0171	-0.0093	0.9844	-0.4883	0.3052	-6.3477	-0.4559	-0.1868	-90.1868	22.92	0	0	0
0x50	 08:59:14.846	0	0.001	0.999	-0.5493	0.061	-5.5542	-0.4889	-0.1758	-90.7855	22.87	0	0	0
0x50	 08:59:14.946	0.0103	-0.0044	1.0015	0.1831	0.7935	-5.0049	-0.4559	-0.1263	-91.3019	22.87	0	0	0
0x50	 08:59:15.056	0.0117	0.0044	1.0107	0	0.1831	-4.3945	-0.423	-0.1154	-91.7688	22.87	0	0	0
0x50	 08:59:15.152	0.0103	-0.0024	0.9893	0.061	0.2441	-3.9063	-0.3955	-0.1263	-92.1753	22.87	0	0	0
0x50	 08:59:15.251	-0.002	-0.0015	1.022	0.7324	-0.1831	-3.418	-0.3076	-0.1373	-92.5323	22.87	0	0	0
0x50	 08:59:15.355	0.002	0.0273	0.9854	-0.061	0.9155	-2.6245	-0.2252	-0.0989	-92.8345	22.87	0	0	0
0x50	 08:59:15.452	-0.0044	-0.0107	1.0112	0.1831	0.2441	-2.1362	-0.1593	-0.0659	-93.0377	22.87	0	0	0
0x50	 08:59:15.580	0	-0.0146	0.978	0.1221	0.3052	-2.6245	-0.1428	0	-93.2959	22.92	0	0	0
0x50	 08:59:15.645	0.0161	0.0137	1.0161	-0.1831	-0.1831	-3.1738	-0.1538	0.0055	-93.5925	22.87	0	0	0
0x50	 08:59:15.785	0.0151	0	0.9873	-0.3662	0.3662	-2.2583	-0.1538	-0.0165	-93.8562	22.87	0	0	0
0x50	 08:59:15.850	0.0127	0.0073	1.021	-0.3662	0.3052	-1.8311	-0.1428	-0.0275	-94.0594	22.87	0	0	0
0x50	 08:59:15.950	0.0078	-0.0078	0.9961	-0.1831	0.3662	-1.9531	-0.1538	-0.0385	-94.2407	22.87	0	0	0
0x50	 08:59:16.049	-0.0054	-0.0181	1.001	0.3052	0.1831	-2.1362	-0.1373	-0.0385	-94.444	22.87	0	0	0
0x50	 08:59:16.148	0.0039	-0.0059	0.9849	-0.1831	0.1831	-2.9297	-0.1483	0	-94.7131	22.87	0	0	0
0x50	 08:59:16.247	0.0117	-0.0161	1.0073	-0.5493	-0.061	-3.6621	-0.2087	0	-95.0482	22.87	0	0	0
0x50	 08:59:16.353	0.0093	-0.0176	0.9858	0	-0.061	-4.2114	-0.2637	-0.033	-95.4547	22.87	0	0	0
0x50	 08:59:16.450	-0.0005	0.0015	1.0083	0.6714	-0.6104	-3.9063	-0.2472	-0.0714	-95.8667	22.92	0	0	0
0x50	 08:59:16.572	0.0107	0.0146	0.9868	-0.1831	-0.5493	-3.3569	-0.2252	-0.1318	-96.2238	22.87	0	0	0
0x50	 08:59:16.648	-0.0049	-0.0068	1.022	0.7324	-1.0986	-2.6245	-0.1483	-0.2142	-96.5259	22.92	0	0	0
0x50	 08:59:16.752	-0.0635	0.0142	1.0132	0.4883	0.8545	-1.5259	-0.0659	-0.2087	-96.7291	22.87	0	0	0
0x50	 08:59:16.849	-0.0503	0.0098	0.979	-0.3662	0.3662	-2.2583	-0.022	-0.1483	-96.9049	22.92	0	0	0
0x50	 08:59:16.949	-0.0791	-0.0068	0.958	-0.6714	-0.4272	-1.2817	-0.0439	0.0549	-97.0917	22.92	0	0	0
0x50	 08:59:17.049	-0.1445	-0.0054	1.0313	-0.1221	-0.4883	-1.0376	-0.0934	0.2911	-97.1851	22.87	0	0	0
0x50	 08:59:17.149	-0.2046	0.0054	0.9995	0.4272	1.2817	-2.3193	-0.1044	0.6976	-97.3004	22.87	0	0	0
0x50	 08:59:17.249	-0.228	-0.0093	1.0464	-0.6104	0.2441	-0.2441	-0.0769	1.2415	-97.4268	22.87	0	0	0
0x50	 08:59:17.382	-0.2148	0.0107	0.9937	0.1831	0.3662	-0.6714	-0.0714	1.8567	-97.5037	22.87	0	0	0
0x50	 08:59:17.447	-0.1431	0.0005	1.0469	0	0.1221	-0.1221	-0.0604	2.4445	-97.5146	22.87	0	0	0
0x50	 08:59:17.547	0.1211	-0.001	0.9614	-0.1221	-0.7324	0	-0.0549	2.6477	-97.5146	22.87	0	0	0
0x50	 08:59:17.644	-0.0596	-0.0068	1.0464	-0.1221	1.2207	0.1831	-0.0494	2.5818	-97.5146	22.87	0	0	0
0x50	 08:59:17.748	0.0542	0.0073	0.9819	0	-0.7324	0	-0.033	2.4939	-97.5146	22.87	0	0	0
0x50	 08:59:17.845	-0.0439	-0.0103	1.0156	-0.1831	0.3052	0.061	-0.022	2.3511	-97.5256	22.92	0	0	0
0x50	 08:59:17.940	0.0337	0.0103	0.9751	0.061	-0.4883	0	-0.011	2.2302	-97.5201	22.92	0	0	0
0x50	 08:59:18.034	-0.0313	-0.0054	1.0156	-0.1831	0.2441	0	0	2.1039	-97.5201	22.92	0	0	0
0x50	 08:59:18.134	0.0278	0.0054	0.9854	0.061	-0.061	0	0	1.994	-97.5201	22.87	0	0	0
0x50	 08:59:18.247	-0.0215	0.001	1.0186	-0.1221	0.061	0	0.0165	1.8842	-97.5201	22.87	0	0	0
0x50	 08:59:18.343	0.0195	0.0005	0.981	0	0	0	0.022	1.7853	-97.5201	22.87	0	0	0
0x50	 08:59:18.435	-0.0146	0.0039	1.0166	0	0	0	0.0275	1.6809	-97.5201	22.87	0	0	0
0x50	 08:59:18.545	0.0117	-0.001	0.9849	0	0	0	0.0385	1.593	-97.5201	22.87	0	0	0
0x50	 08:59:18.642	-0.0073	0.0034	1.0117	0	0	0	0.0439	1.5051	-97.5201	22.87	0	0	0
0x50	 08:59:18.739	0.0059	0.0005	0.9922	0	0.061	0	0.0549	1.4282	-97.5201	22.87	0	0	0
0x50	 08:59:18.852	-0.0024	0.0005	1.0039	0	0	0	0.0604	1.3513	-97.5201	22.87	0	0	0
0x50	 08:59:18.937	0.001	0.0024	0.9995	0	0	0	0.0714	1.2744	-97.5201	22.92	0	0	0
0x50	 08:59:19.053	0.002	0	0.9966	0	0	0	0.0769	1.2085	-97.5201	22.87	0	0	0
0x50	 08:59:19.135	-0.0024	0.0029	1.0049	0	0.061	0	0.0824	1.1426	-97.5201	22.87	0	0	0
0x50	 08:59:19.253	0.0039	0	0.9937	0	0	0	0.0879	1.0822	-97.5201	22.87	0	0	0
0x50	 08:59:19.334	-0.0034	0.002	1.0059	0	0	0	0.0934	1.0217	-97.5201	22.87	0	0	0
0x50	 08:59:19.432	0.0054	0.001	0.9937	0	0	0	0.0989	0.9723	-97.5201	22.87	0	0	0
0x50	 08:59:19.545	-0.0034	0.0005	1.0044	0	0	0	0.1044	0.9174	-97.5201	22.87	0	0	0
0x50	 08:59:19.636	0.0039	0.0024	0.9966	0	0	0	0.1099	0.8679	-97.5201	22.87	0	0	0
0x50	 08:59:19.732	-0.0015	0	1.002	0	0	0	0.1099	0.824	-97.5201	22.87	0	0	0
0x50	 08:59:19.855	0.0015	0.0024	0.999	0	0	0	0.1099	0.78	-97.5201	22.87	0	0	0
0x50	 08:59:19.935	0	0.0005	0.9995	0	0	0	0.1154	0.7416	-97.5201	22.87	0	0	0
0x50	 08:59:20.034	0	0.0015	1.0005	0	0	0	0.1208	0.7031	-97.5201	22.87	0	0	0
0x50	 08:59:20.130	0.0015	0.001	0.998	0	0	0	0.1263	0.6647	-97.5201	22.87	0	0	0
0x50	 08:59:20.247	-0.001	0.0005	1.0015	0	0	0	0.1263	0.6317	-97.5201	22.87	0	0	0
0x50	 08:59:20.338	0.002	0.002	0.9976	0	0	0	0.1318	0.5988	-97.5201	22.87	0	0	0
0x50	 08:59:20.455	-0.001	0.0005	1.0015	0	0	0	0.1373	0.5713	-97.5201	22.87	0	0	0
0x50	 08:59:20.537	0.002	0.002	0.998	0	0	0	0.1373	0.5438	-97.5201	22.87	0	0	0
0x50	 08:59:20.634	0	0.0005	1.001	0	0	0	0.1428	0.5164	-97.5201	22.87	0	0	0
0x50	 08:59:20.728	0.001	0.0015	0.999	0	0	0	0.1428	0.4889	-97.5201	22.87	0	0	0
0x50	 08:59:20.832	0.0005	0.001	1.0005	0	0	0	0.1483	0.4669	-97.5201	22.87	0	0	0
0x50	 08:59:20.940	0	0.001	0.9995	0	0	0	0.1483	0.4449	-97.5201	22.87	0	0	0
0x50	 08:59:21.069	0.001	0.001	0.999	0	0	0	0.1483	0.423	-97.5201	22.87	0	0	0
0x50	 08:59:21.135	0	0.001	1.0005	0	0	0	0.1538	0.401	-97.5201	22.87	0	0	0
0x50	 08:59:21.230	0.001	0.001	0.999	0	0	0	0.1538	0.3845	-97.5201	22.87	0	0	0
0x50	 08:59:21.327	0	0.001	1.001	0	0	0	0.1538	0.368	-97.5201	22.87	0	0	0
0x50	 08:59:21.431	0.0005	0.0015	0.999	0	0	0	0.1593	0.3516	-97.5201	22.87	0	0	0
0x50	 08:59:21.526	0	0.001	1	0	0	0	0.1593	0.3351	-97.5201	22.87	0	0	0
0x50	 08:59:21.632	0	0.0015	1	0	0	0	0.1593	0.3186	-97.5201	22.87	0	0	0
0x50	 08:59:21.730	0.001	0.001	0.9995	0	0	0	0.1648	0.3076	-97.5201	22.87	0	0	0
0x50	 08:59:21.836	0.0005	0.0015	1.0005	0	0	0	0.1648	0.2911	-97.5201	22.87	0	0	0
0x50	 08:59:21.931	0.0005	0.001	0.9995	0	0	0	0.1648	0.2802	-97.5201	22.87	0	0	0
0x50	 08:59:22.026	0	0.001	0.999	0	0	0	0.1648	0.2692	-97.5201	22.87	0	0	0
0x50	 08:59:22.135	0	0.0015	1.0005	0	0	0	0.1648	0.2582	-97.5201	22.87	0	0	0
0x50	 08:59:22.233	0.0005	0.002	0.998	0	0	0	0.1703	0.2472	-97.5201	22.87	0	0	0
0x50	 08:59:22.329	0	0.0005	1	0	0	0	0.1703	0.2417	-97.5201	22.87	0	0	0
0x50	 08:59:22.424	0.001	0.0024	1	0	0	0	0.1703	0.2307	-97.5256	22.87	0	0	0
0x50	 08:59:22.524	0	0.0005	0.9995	0	0	0	0.1703	0.2197	-97.5256	22.87	0	0	0
0x50	 08:59:22.634	0.001	0.001	0.9995	0	0	0	0.1703	0.2142	-97.5256	22.87	0	0	0
0x50	 08:59:22.744	0	0.0015	1	0	0	0	0.1758	0.2087	-97.5256	22.87	0	0	0
